500 1500
54 48 744
8 46 622
22 73 644
7 22 905
3 3 947
71 32 618
56 27 810
92 53 719
16 30 855
74 4 738
93 65 924
7 36 772
92 94 798
57 45 874
16 29 929
82 62 706
58 75 752
60 86 982
100 41 610
95 54 572
76 1 552
73 62 578
25 42 858
60 29 846
99 57 775
74 59 631
100 91 773
50 72 915
72 59 994
12 37 867
16 62 524
58 87 981
60 77 593
54 8 512
92 65 548
60 43 805
37 91 666
11 78 622
77 8 833
87 17 673
50 59 995
46 55 810
25 25 891
4 4 604
12 24 782
77 6 864
12 90 1000
81 47 874
8 38 764
54 75 902
86 42 680
98 28 600
61 68 795
88 0 605
40 26 821
98 61 798
94 91 829
2 47 973
38 18 757
2 35 720
81 31 537
5 73 904
10 22 605
88 16 782
12 8 576
14 75 906
91 95 698
69 76 524
19 51 622
18 60 676
7 46 753
68 97 620
59 85 763
55 95 686
92 77 828
67 100 860
1 83 975
80 1 708
29 19 701
78 76 619
27 77 924
38 73 993
36 99 820
69 3 948
38 76 571
24 94 956
2 36 581
63 84 872
49 8 683
12 28 828
59 29 780
62 44 659
4 71 586
70 41 593
5 57 994
77 53 602
74 45 907
35 52 745
12 12 867
50 31 737
18 13 937
96 39 975
34 96 902
11 44 846
34 72 900
61 25 597
23 94 918
47 51 633
71 82 698
60 79 767
47 35 832
11 40 688
100 15 604
41 76 943
15 51 884
43 73 955
54 33 748
41 84 501
32 98 501
71 79 914
0 67 847
53 34 870
69 16 579
8 30 584
94 25 878
2 43 816
82 30 500
40 80 888
59 60 593
82 62 735
3 44 840
78 17 523
40 39 709
69 25 553
34 97 712
10 76 722
62 31 586
34 35 964
0 77 620
8 17 781
25 24 681
67 1 519
59 1 721
74 86 820
64 29 878
77 41 514
40 23 898
4 72 937
15 21 619
85 84 824
9 18 837
31 38 608
0 95 918
59 82 642
19 49 548
12 60 977
44 72 668
74 32 533
44 100 620
14 56 726
27 17 923
34 82 730
29 92 521
55 25 985
57 77 765
53 92 782
58 0 625
7 3 927
19 89 738
86 53 746
28 3 953
72 82 564
89 14 626
12 86 747
24 22 611
34 56 793
51 87 886
78 53 589
28 50 883
58 12 818
16 48 898
19 55 512
0 56 662
65 15 886
14 27 504
58 100 996
30 38 868
63 57 507
93 91 532
5 20 622
28 92 719
60 88 673
8 13 722
5 78 930
71 15 591
25 24 629
39 20 569
91 12 887
59 77 946
62 34 578
67 8 690
54 86 884
50 87 690
0 40 724
87 27 945
76 90 941
9 96 806
33 24 949
58 37 803
40 48 739
68 59 787
90 24 947
88 62 654
69 3 508
96 19 760
10 49 630
90 18 765
28 80 558
12 0 571
2 30 631
8 4 690
7 27 772
0 46 968
71 17 971
91 1 715
17 92 565
12 68 591
71 95 913
91 72 831
100 36 891
67 65 791
99 50 625
56 91 822
34 90 932
40 15 761
58 6 991
84 78 546
69 9 757
67 97 634
64 62 899
31 36 629
59 79 728
70 75 908
13 94 656
53 83 862
74 15 648
90 67 904
54 75 537
64 69 887
24 75 1000
23 92 825
80 98 566
49 44 505
46 14 753
3 77 617
86 20 661
85 74 658
59 25 905
88 88 681
54 42 536
76 10 589
53 66 646
61 65 731
46 15 729
95 2 798
82 74 791
94 33 642
19 98 719
81 53 557
31 76 898
78 62 562
72 30 523
93 64 979
93 2 897
6 34 500
63 31 918
60 90 818
53 89 959
57 75 780
38 99 840
21 68 714
48 52 694
68 48 600
10 17 850
19 81 892
39 33 888
84 12 979
7 13 832
75 10 831
33 8 937
94 33 824
69 57 679
23 64 846
60 24 932
17 72 837
73 25 788
63 0 862
25 84 551
23 86 787
22 57 946
83 22 522
5 55 929
26 65 616
7 3 988
15 43 858
32 63 950
82 48 912
44 90 705
73 62 666
23 32 867
36 59 638
65 36 661
73 11 679
30 52 556
45 20 792
22 55 568
78 64 964
13 25 622
60 17 674
85 82 772
59 79 647
70 49 977
38 70 786
82 34 636
18 31 537
98 71 781
48 89 900
53 24 923
79 84 784
61 43 673
32 98 920
59 4 674
38 16 750
17 42 704
62 13 650
98 97 872
38 66 845
46 42 641
40 67 777
3 97 636
47 21 846
16 47 521
71 55 509
3 6 930
15 29 553
76 62 523
60 8 874
27 39 651
66 93 708
75 47 810
13 34 916
4 1 623
25 68 810
46 4 714
34 64 825
84 7 736
1 71 749
30 36 587
60 35 703
64 43 746
52 58 836
93 66 933
87 53 821
89 19 515
19 65 821
0 12 762
41 82 876
49 33 828
44 2 680
59 72 848
72 42 835
6 83 519
18 27 993
27 33 541
65 99 689
78 20 577
15 51 898
37 44 518
30 62 607
33 82 608
91 88 635
83 96 737
9 70 577
8 36 857
16 68 911
31 24 722
5 80 869
26 51 958
50 8 953
30 10 649
33 40 777
96 28 574
25 33 770
42 64 719
33 0 673
92 86 824
91 52 507
44 73 529
99 77 553
28 50 640
43 58 625
93 67 912
48 33 589
91 40 690
72 27 746
23 49 771
14 36 638
94 69 674
20 30 967
20 67 818
36 16 631
19 5 501
40 64 796
85 60 639
17 58 809
77 37 588
61 18 852
50 36 858
40 28 731
14 72 893
48 98 735
33 40 669
31 28 696
68 21 808
11 90 817
22 88 697
34 13 842
81 65 546
38 54 601
41 79 620
17 14 985
21 76 805
91 13 761
83 83 605
57 41 631
61 43 692
74 84 815
72 73 909
100 91 615
25 64 724
82 80 627
9 51 659
63 49 538
89 1 761
33 79 846
87 98 942
71 55 918
45 54 932
85 16 740
8 82 655
58 85 591
6 64 951
21 81 815
73 31 957
18 19 603
24 56 982
11 96 849
64 1 756
97 12 981
32 46 620
33 20 959
36 74 685
76 92 691
6 75 937
92 95 926
96 5 625
52 57 696
74 86 842
73 12 695
86 52 981
28 44 580
88 74 715
70 60 576
15 34 543
58 67 777
65 70 724
99 29 516
6 18 621
87 95 530
9 61 854
40 53 721
27 60 805
54 5 661
54 97 573
56 92 569
68 37 668
15 15 805
16 32 572
88 73 563
93 1 587
8 18 965
54 74 693
57 54 878
26 1 697
76 58 521
15 47 757
52 73 633
14 78 676
89 43 611
39 73 764
77 74 113
81 38 198
1 29 120
50 38 173
15 25 119
17 39 124
44 77 134
0 8 183
2 34 176
99 53 133
55 57 120
50 12 149
19 41 197
0 35 159
59 0 169
27 20 138
70 91 183
94 41 167
23 10 117
27 79 190
53 91 177
59 37 114
65 42 116
41 6 121
32 12 129
52 58 196
7 19 102
35 25 141
34 50 115
43 17 156
36 100 110
44 81 134
91 34 100
47 55 118
77 81 187
4 3 145
89 62 134
84 8 178
52 16 116
24 82 123
0 54 140
35 85 167
23 51 156
59 10 189
63 76 126
38 74 198
29 79 116
49 9 158
68 81 142
2 70 169
57 5 167
66 88 133
81 39 144
52 78 172
16 85 188
44 60 166
51 83 137
83 70 101
8 31 155
40 35 131
44 33 194
42 58 100
63 50 146
0 65 180
19 22 191
31 71 187
55 54 164
53 43 176
39 80 150
32 68 110
47 3 116
40 95 155
74 32 164
3 14 135
32 62 135
32 23 100
98 49 159
54 28 131
76 56 161
47 31 129
15 53 146
100 88 100
57 94 188
36 5 127
65 33 115
70 5 159
98 60 121
89 81 184
11 81 130
7 34 113
43 34 100
19 0 177
62 43 180
97 93 116
22 31 168
73 50 156
32 86 145
69 91 191
54 21 146
15 41 134
50 92 172
100 56 169
8 10 127
88 38 151
83 21 111
2 24 124
96 30 183
58 17 175
4 19 125
85 82 173
99 42 104
5 54 177
56 75 131
5 69 142
19 80 195
48 87 161
47 12 167
5 99 127
50 44 189
86 49 182
88 5 181
23 8 122
60 81 120
3 79 100
68 55 177
23 99 176
61 1 151
68 16 181
68 28 189
29 49 139
59 97 196
10 29 140
47 89 173
3 48 109
34 58 139
70 50 200
98 31 190
79 7 148
81 95 156
46 55 176
4 3 136
61 64 153
71 97 138
64 63 106
6 51 180
84 35 186
79 69 140
62 18 157
24 0 170
87 83 108
99 45 160
6 91 172
89 74 102
47 56 171
17 10 196
25 82 142
51 8 104
88 0 102
4 36 122
49 71 111
61 22 124
15 23 155
59 49 192
72 7 152
53 54 190
78 48 162
59 87 158
47 28 173
43 88 180
58 24 134
62 77 170
61 60 188
1 64 145
43 74 156
81 43 145
53 9 189
70 20 130
76 29 118
58 52 164
68 69 126
71 11 161
62 53 187
13 98 151
43 58 157
79 44 131
54 13 170
95 34 186
63 89 199
60 3 152
69 56 194
99 88 118
2 9 193
29 49 104
95 97 192
92 41 119
22 3 177
7 98 129
50 73 104
62 18 200
95 61 118
67 85 194
81 23 170
10 21 117
29 24 167
57 31 163
97 28 102
89 56 103
44 54 112
7 18 187
97 13 102
8 64 116
3 27 153
46 64 159
80 29 194
78 83 120
2 84 151
15 53 113
48 30 115
65 30 145
33 60 104
27 64 164
38 29 127
18 82 115
74 2 148
13 6 184
21 93 129
56 69 192
74 9 183
76 92 183
2 54 104
29 72 129
65 19 109
58 90 114
53 58 105
74 12 138
80 94 132
12 61 192
5 79 135
99 4 184
60 31 131
7 96 109
43 24 173
30 67 141
62 22 150
91 11 119
84 49 151
90 66 121
28 96 115
1 80 130
71 86 162
36 71 127
1 8 174
57 10 178
1 13 188
30 67 183
26 81 107
88 23 119
77 62 132
82 71 166
43 22 157
100 34 118
33 33 173
93 91 171
3 14 183
39 75 119
77 71 111
84 95 136
0 82 162
59 33 109
47 24 173
7 12 136
11 94 173
47 92 146
33 68 187
48 36 147
3 69 187
72 51 109
54 27 124
92 8 148
29 50 183
98 24 142
47 94 173
14 92 192
40 87 163
59 79 110
59 28 135
41 22 147
94 12 101
15 72 141
81 15 132
51 30 106
10 52 107
58 41 144
16 3 143
81 18 177
94 21 163
58 37 160
80 93 106
41 49 198
73 26 111
99 7 188
21 60 191
100 90 135
9 74 200
10 29 145
39 93 189
76 82 155
30 40 159
69 32 190
37 92 191
98 70 160
68 1 102
92 65 126
34 35 130
89 13 127
100 17 138
52 51 150
96 44 131
99 85 197
54 38 106
95 29 142
68 85 114
61 54 185
28 28 128
99 94 162
77 7 127
42 44 157
59 37 161
77 22 145
92 15 122
48 16 110
91 20 134
92 67 111
78 18 150
36 23 143
53 69 178
74 2 113
18 39 118
89 87 120
46 84 191
87 37 180
16 87 114
72 33 123
40 93 110
22 26 181
20 29 107
87 92 123
5 22 148
23 54 157
15 88 154
68 25 182
16 44 200
34 4 190
27 14 192
13 35 114
38 26 196
71 27 163
10 55 109
67 37 128
98 80 194
11 26 102
68 92 145
33 86 180
10 10 159
28 82 156
81 96 102
32 73 150
56 47 144
47 71 120
34 95 135
12 20 148
90 60 130
81 48 127
8 76 135
26 63 170
48 26 170
92 4 113
85 11 109
72 35 195
76 35 189
86 0 137
92 45 157
83 79 175
28 64 147
83 0 139
37 57 133
73 70 185
22 36 160
15 15 157
100 37 186
83 23 179
62 17 181
32 60 113
100 66 101
63 57 176
73 63 160
97 78 166
75 66 180
99 29 192
32 49 103
85 74 146
37 64 135
59 73 157
88 74 192
45 62 127
32 14 150
84 17 103
15 70 170
4 44 136
48 16 144
31 13 162
23 12 156
41 61 199
13 100 198
84 27 197
73 38 197
19 1 105
64 80 190
56 92 177
72 67 104
23 39 190
64 59 168
71 28 190
94 54 169
1 26 178
9 20 121
19 90 160
54 93 137
96 87 153
87 70 186
72 9 146
63 39 124
24 81 122
98 85 166
97 92 174
24 62 144
3 57 193
14 67 136
10 39 158
52 32 200
32 11 129
47 66 152
93 15 185
84 23 117
81 27 157
16 30 132
19 68 199
88 81 182
86 82 121
58 25 171
6 13 200
49 23 197
65 96 136
77 60 132
8 92 136
17 72 126
57 15 155
6 69 113
10 58 134
35 19 102
38 83 146
20 51 158
98 86 127
45 44 130
77 34 103
7 79 161
63 38 149
77 6 165
27 71 139
86 56 180
26 78 126
42 24 200
14 47 187
38 58 155
29 23 138
56 79 176
14 51 140
100 18 103
37 42 109
95 69 132
93 80 134
87 90 129
95 49 152
47 21 174
39 46 133
10 89 141
88 28 153
62 0 144
64 12 183
100 12 136
46 81 198
32 28 187
89 27 114
56 64 133
53 8 148
17 17 145
1 71 129
81 50 119
29 3 172
100 33 199
72 64 149
81 95 131
87 45 124
9 51 200
79 94 133
27 25 143
88 23 105
86 22 119
9 43 200
6 59 152
7 66 136
2 97 129
36 89 158
61 77 152
29 76 185
17 58 179
38 56 185
69 46 161
66 47 110
54 99 154
76 28 166
88 98 111
98 29 182
7 51 117
58 72 191
20 62 135
13 29 200
12 40 194
36 33 144
44 57 100
95 26 167
14 7 128
77 77 183
49 63 165
75 77 101
86 43 145
9 45 121
40 93 157
17 24 167
94 31 140
65 100 104
26 26 164
14 4 170
62 51 193
26 41 176
82 93 155
21 29 104
11 47 199
59 69 132
48 65 145
79 15 128
66 71 177
85 84 181
57 93 122
3 64 137
97 52 100
57 73 125
65 15 107
11 79 122
82 3 178
45 64 187
67 6 180
19 50 182
20 1 121
19 27 135
41 27 126
88 43 179
97 11 128
8 55 120
32 23 179
83 71 124
78 77 172
78 7 131
73 49 141
94 5 197
32 80 142
44 1 192
100 2 107
27 68 170
25 65 153
12 1 128
33 22 170
52 61 174
67 80 179
15 83 158
9 45 110
32 83 131
55 7 141
59 14 137
88 93 135
24 75 184
50 95 151
5 55 195
35 100 171
17 2 162
71 25 166
69 71 137
23 69 173
44 62 196
77 69 117
69 83 197
67 23 133
49 52 153
1 8 158
34 70 161
30 64 170
96 35 190
84 62 191
87 50 170
30 53 134
16 21 158
62 57 112
40 6 175
20 74 161
74 41 104
67 72 145
45 11 180
75 63 200
40 66 146
58 10 148
18 97 165
44 85 172
90 20 105
7 12 118
78 47 180
2 69 147
93 49 195
56 0 137
55 66 129
89 41 198
69 78 151
37 57 194
78 97 199
14 99 116
69 11 181
17 72 147
45 70 182
92 42 196
46 80 185
83 69 179
43 33 169
93 54 184
39 97 156
8 53 117
18 81 176
78 8 185
15 84 156
97 93 197
80 23 113
16 6 109
71 44 135
44 57 166
14 44 103
44 36 136
34 82 103
66 47 187
70 72 126
77 82 187
30 68 172
70 71 142
60 67 163
19 43 125
61 59 119
89 69 174
100 40 190
12 6 103
66 97 125
58 69 108
62 98 163
78 79 107
52 58 105
51 1 178
67 4 191
88 9 101
33 86 168
64 28 144
98 65 158
74 76 115
86 55 195
94 58 157
8 16 111
44 8 158
91 84 123
54 16 190
33 6 140
20 37 171
88 50 160
39 91 132
45 96 188
70 98 111
88 18 126
17 14 145
67 71 167
43 4 170
11 41 136
20 62 143
45 60 126
6 27 176
53 1 131
9 91 153
83 23 136
74 17 191
26 76 194
33 39 170
84 8 112
63 20 157
70 58 167
0 37 200
48 71 143
33 81 199
65 57 116
40 51 148
88 44 110
78 29 123
4 77 126
89 65 191
0 1 159
82 23 193
4 68 126
66 80 101
63 18 185
75 17 185
38 38 150
59 28 127
87 74 200
6 66 115
94 3 130
70 24 125
23 33 189
4 58 172
11 34 145
95 80 171
32 89 158
29 95 187
0 23 162
95 2 167
62 59 101
29 32 184
85 50 138
80 41 183
36 73 141
93 18 108
1 76 130
72 11 138
87 36 115
14 73 140
0 84 184
9 51 157
21 98 142
72 87 140
69 63 160
14 86 139
61 20 138
98 49 178
26 10 102
45 63 122
24 65 155
0 32 176
4 77 142
17 93 130
66 96 123
15 27 126
39 46 171
34 0 193
60 100 150
90 28 130
49 26 121
20 14 164
34 68 122
5 77 114
15 26 100
96 51 122
96 42 184
72 42 193
64 83 172
25 88 165
53 100 123
98 99 135
76 97 106
89 5 178
15 27 179
34 60 109
0 82 189
7 42 159
3 55 164
10 83 126
24 17 145
77 94 117
44 26 198
2 51 155
16 87 107
1 43 163
100 96 160
58 86 144
80 75 143
59 74 155
72 32 147
70 79 100
9 58 172
41 72 198
40 72 167
73 71 160
44 35 150
50 36 182
26 20 112
78 65 120
47 43 194
30 29 182
77 73 158
12 32 100
43 93 133
77 64 122
53 76 100
49 89 185
69 51 176
78 69 170
95 15 170
80 93 169
18 57 140
48 4 188
61 33 142
95 79 155
17 11 177
98 6 182
76 56 192
76 73 127
61 31 194
87 56 106
65 6 171
90 30 125
26 57 166
62 100 191
62 14 186
1 11 140
69 44 145
11 48 151
4 2 184
32 20 161
70 61 187
42 34 180
15 63 175
21 78 172
64 33 151
59 44 138
91 48 160
61 17 190
18 61 132
54 67 140
53 37 183
71 9 189
88 77 187
82 8 112
57 51 180
31 36 187
24 63 147
38 70 119
12 13 104
78 2 147
98 24 191
72 84 121
89 3 165
39 51 163
76 76 125
30 0 157
99 68 113
40 18 100
36 69 198
36 48 107
94 75 107
49 47 176
5 56 181
34 81 196
43 98 104
65 97 165
98 52 111
71 37 188
94 92 111
78 68 156
59 17 169
90 47 146
81 99 131
65 19 167
11 24 152
5 63 173
79 91 151
22 18 168
7 18 136
77 79 175
35 57 105
56 97 122
3 94 168
78 76 135
62 21 111
9 7 128
35 83 115
32 8 126
13 58 141
99 94 117
72 36 199
29 23 164
77 14 106
35 35 141
5 39 169
78 71 134
62 1 125
33 13 126
43 15 147
37 51 116
61 12 183
85 17 162
1 52 139
27 69 162
98 91 184
68 33 109
77 50 106
57 67 177
34 99 112
88 10 129
92 93 146
62 33 114
37 44 119
22 88 192
63 41 128
17 78 107
44 39 189
92 35 100
87 12 114
65 25 163
91 99 110
19 68 134
95 49 123
11 58 130
39 72 113
21 40 170
89 36 163
71 65 102
63 44 178
34 59 166
28 84 154
49 35 129
54 28 129
39 67 168
90 89 124
42 44 199
22 56 169
90 31 174
64 62 108
17 73 182
2 45 130
55 87 166
91 25 193
4 10 141
80 73 139
47 51 155
71 3 143
26 13 113
63 79 200
58 100 136
84 44 149
96 80 164
71 62 128
11 67 112
41 14 184
36 85 161
97 20 197
37 9 125
91 30 107
54 10 155
48 37 193
19 84 136
77 39 189
39 71 100
5 77 168
15 96 129
77 79 137
21 66 124
28 55 172
66 80 152
75 72 132
37 74 145
55 94 108
43 23 172
59 63 136
27 0 194
64 2 159
16 61 118
35 70 139
88 16 128
24 33 107
13 8 181
51 58 188
75 12 166
78 76 181
91 8 170
97 60 188
5 93 198
72 91 109
30 25 104
12 60 189
41 34 107
24 63 118
10 9 197
3 21 199
24 11 141
87 45 156
13 6 148
99 66 159
85 16 108
36 88 181
26 26 125
23 71 122
77 4 175
86 47 131
10 74 158
4 2 185
45 64 142
12 32 183
53 44 121
61 36 162
87 44 195
32 25 128
3 28 164
69 99 146
23 8 111
22 88 117
53 19 172
86 49 200
94 44 197
97 10 119
86 81 140
75 13 111
32 10 122
85 73 107
11 11 140
93 63 123
53 96 178
6 77 169
94 5 102
87 34 102
83 64 165
60 67 150
7 23 126
67 5 150
99 99 158
81 24 191
52 96 100
40 24 160
76 47 167
11 85 106
48 41 168
77 60 139
90 40 110
47 49 164
81 39 102
96 63 160
51 39 162
16 23 119
83 17 154
96 37 141
17 4 151
32 51 116
58 56 119
16 92 182
60 24 116
55 100 173
43 99 152
94 3 163
82 91 101
26 48 165
38 0 119
6 81 178
54 19 189
48 88 105
60 63 147
96 16 141
12 44 110
60 12 180
81 88 193
50 63 118
63 52 118
81 96 181
90 88 141
58 12 157
97 24 178
80 48 111
39 7 158
99 61 115
27 38 189
99 83 107
61 43 127
34 71 174
97 69 146
64 86 144
8 76 107
68 92 141
28 84 189
49 51 166
90 61 196
55 42 199
47 47 135
14 69 192
52 99 161
45 83 114
40 43 179
14 48 146
95 61 181
23 93 121
62 55 159
18 47 152
71 29 141
60 15 135
6 91 165
77 25 163
59 77 154
40 88 166
94 96 172
19 88 112
28 46 162
86 73 140
48 72 143
92 61 197
36 85 186
38 51 157
58 30 149
2 15 130
47 59 187
82 56 118
45 44 160
18 5 150
86 84 145
41 24 176
7 17 157
93 87 119
46 81 180
28 5 140
4 3 112
7 17 182
21 92 185
79 76 178
47 43 102
69 90 189
83 84 140
97 9 153
60 66 171
60 36 119
68 18 183
0 75 155
8 17 131
83 98 102
32 65 118
93 84 135
95 9 114
22 48 143
32 21 152
68 9 118
56 68 137
77 12 114
80 88 133
3 41 190
9 74 119
50 14 159
67 66 127
25 55 138
56 82 167
42 1 108
6 82 100
27 75 139
35 39 101
0 12 149
67 43 169
6 33 191
6 33 125
38 14 111
100 70 157
46 85 120
86 62 137
84 54 156
58 61 188
86 82 106
46 76 114
62 5 178
13 7 184
98 78 151
27 27 158
3 46 124
35 42 131
60 50 110
97 12 179
75 85 138
57 64 123
78 90 108
66 20 183
10 82 159
25 74 149
98 31 115
55 12 154
67 100 170
98 4 138
47 2 117
53 59 143
18 6 118
70 0 134
31 77 119
3 87 137
49 35 198
85 95 192
59 62 132
66 20 194
90 78 187
81 54 140
2 11 180
92 51 156
95 0 178
17 25 156
6 72 197
73 68 167
93 68 159
79 0 154
51 96 125
39 91 141
5 23 122
9 35 118
45 12 124
69 41 162
56 37 109
32 63 103
21 21 175
65 15 118
87 100 163
0 26 169
45 49 123
83 2 176
37 90 180
75 55 108
28 67 170
43 44 180
63 82 142
91 30 200
55 28 130
8 8 106
25 85 143
74 83 153
18 45 152
95 87 151
52 24 143
20 64 149
40 18 114
60 91 106
44 46 121
7 31 127
66 38 101
73 67 181
64 82 189
93 58 182
22 19 147
27 44 175
45 35 101
85 25 168
54 24 154
57 31 169
91 46 138
73 2 151
97 95 135
97 55 183
11 31 109
23 53 114
64 17 182
20 59 172
18 10 100
91 38 106
8 84 101
23 97 180
59 5 134
45 17 189
16 43 147
42 50 128
30 100 122
65 46 161
92 66 134
56 89 198
85 7 181
93 36 163
44 40 152
63 33 172
50 97 117
77 100 124
36 68 198
60 66 132
83 16 136
85 90 111
81 20 148
25 45 124
38 2 123
56 100 170
10 22 107
63 84 167
77 71 168
70 33 137
13 52 199
2 100 161
81 78 116
75 53 163
51 62 179
4 78 168
86 66 119
5 58 185
69 72 190
42 12 191
90 60 135
34 88 175
91 79 138
52 25 103
68 51 132
56 16 105
81 97 101
53 8 111
93 55 154
15 55 106
39 0 113
46 34 141
17 98 153
1 45 111
36 30 193
45 36 197
59 92 102
56 50 198
63 54 156
71 81 110
23 2 145
99 85 103
14 22 186
11 39 128
85 68 148
94 61 187
2 26 115
27 54 179
88 41 109
26 30 101
39 82 110
93 35 164
7 62 187
48 87 197
88 59 155
70 0 180
53 95 183
46 90 187
60 44 154
23 13 169
2 93 118
80 18 172
67 28 113
77 84 174
97 43 113
29 92 172
40 66 191
89 51 151
97 81 109
82 92 116
53 78 125
24 63 106
95 39 199
60 35 126
26 21 192
78 50 107
100 50 152
12 85 152
35 75 141
26 45 123
63 64 197
93 85 170
77 21 140
1 92 113
85 66 191
55 92 105
63 25 193
35 16 145
35 72 103
53 41 101
71 19 133
87 78 188
20 66 134
43 55 162
59 37 180
99 20 181
46 74 163
33 16 118
39 1 134
28 60 103
7 41 113
7 92 129
19 66 192
60 59 198
52 44 149
37 95 138
13 75 173
53 32 189
0 21 192
97 99 174
20 75 149
36 48 148
31 32 167
64 60 173
62 60 182
16 73 148
17 69 108
99 97 198
94 83 190
37 71 102
73 6 200
54 89 178
1 23 195
34 87 195
58 19 137
42 4 167
40 80 172
58 60 178
49 10 185
75 93 163
75 8 134
2 79 191
70 21 146
75 14 121
70 43 101
84 55 173
22 27 121
6 82 141
81 5 168
36 47 114
65 34 199
69 9 173
98 92 167
15 3 193
22 82 153
36 61 195
75 13 186
29 42 164
68 46 151
10 70 140
55 98 196
84 78 103
21 22 153
74 94 182
85 62 191
64 89 110
89 93 102
87 3 135
39 34 101
34 14 185
24 52 156
51 37 127
83 70 101
43 78 114
1 77 103
74 9 116
25 32 175
56 64 137
68 67 158
86 85 132
84 28 199
62 44 153
81 58 196
73 76 134
21 95 117
82 22 157
71 81 140
88 34 146
21 16 148
7 24 120
42 18 183
11 90 138
24 83 196
49 87 123
37 83 187
73 47 151
35 96 133
26 13 183
65 18 126
81 51 147
3 96 151
1 34 161
48 96 162
82 89 157
64 83 197
90 4 160
55 32 174
54 40 129
70 21 200
34 42 125
85 32 182
100 96 167
26 88 164
73 62 151
4 74 180
54 73 114
16 47 116
36 13 171
2 20 197
81 86 103
33 72 101
62 36 165
