200 8000
1538 6569 20088
1815 3454 19977
241 5561 19924
5824 3602 19970
7080 6759 19960
6249 3231 20066
78 1236 19979
3919 3660 19917
463 1805 20096
3617 4389 19978
4333 4460 19970
1953 5031 20075
1155 5606 19929
7043 5085 20070
1788 878 19933
6928 4883 20057
7031 2926 20026
5116 3262 20068
5765 1432 20086
2649 4198 20093
1007 8078 20101
6248 1189 19953
6689 7774 19997
2671 2583 19973
7307 3397 20047
2790 1 20023
79 4758 20078
4425 7272 19956
2504 1345 20032
7224 2442 19980
7 2351 20059
2955 5246 19997
2526 3909 20071
3857 2170 19984
2119 1553 20104
4332 1981 20015
5460 4758 19938
726 3637 20039
420 407 20037
6112 2311 19925
2190 5550 20015
8076 2891 19996
13 7221 19967
2698 3543 20070
3944 521 19993
5953 4099 20097
5501 2660 20058
2014 5349 19985
6564 8086 19988
7391 890 20072
5133 6906 20009
3495 468 20058
3259 1713 20062
793 3200 19924
361 8094 20014
7218 5841 19936
7714 7865 20066
1543 6594 19946
6955 7204 20029
262 6868 19985
2528 4263 20065
5299 5232 20104
7699 7137 20009
5779 1151 19940
7916 5015 20018
193 3632 19998
4280 5260 19972
1844 3647 20050
1151 7419 20084
7669 3287 20022
365 6688 19984
2525 6549 20034
2717 6888 19939
7762 7001 19953
5694 756 20061
6462 553 20031
3355 519 20045
3847 6039 20085
563 7577 20077
2467 960 20088
5357 6408 19939
6369 2471 20011
1688 6777 20083
5367 1583 19992
6534 6110 20044
3571 8126 19927
2173 5479 20101
770 6444 20035
4946 2164 19933
6977 5652 19978
3041 2937 19927
2366 2631 19976
2632 382 19948
2224 3606 19918
7772 2659 20013
4430 7012 20111
5030 6254 19936
2146 4558 19948
4021 3602 20002
1336 2274 19977
1195 1776 19976
4213 706 20032
2543 2616 20007
4170 4704 19972
1248 6416 20011
3733 6182 20016
3053 7190 20107
7524 3182 19940
123 6792 20110
7582 5510 19944
3839 355 20029
3894 5309 20091
5703 2797 19978
8108 7642 20038
7770 6913 20101
2648 3414 19919
3190 4905 20011
2952 3035 19940
5294 2925 19928
7002 6624 20111
4236 8119 20102
381 6585 20016
685 1613 20100
7371 5125 19927
5900 7022 20081
4856 2734 19970
4389 1659 20092
4066 5029 19984
847 4514 20034
6578 4824 20035
283 2754 19980
3023 7683 20106
5269 5156 20055
1582 6283 20063
4572 7212 19985
6770 1799 19981
1136 7875 20065
8118 839 20042
7661 7021 20062
1587 3432 20110
905 6455 19975
4174 6546 20045
5750 5022 20109
3599 1672 19955
997 2980 20031
7042 5137 20104
5632 2933 19957
1158 5458 20098
90 3715 20087
925 6412 20071
5851 7870 20084
5536 2595 20065
951 409 20045
6394 5453 20115
911 4077 19935
7505 948 20030
3499 2724 20027
4924 7925 19978
6227 6043 20088
2038 4797 19969
5431 4292 20008
4067 1252 19921
6891 3124 19936
7812 3957 20070
1936 5536 20115
7993 732 20092
6506 3552 20009
7912 3643 20027
653 2367 19953
3079 7232 20044
6175 3498 20064
7761 6050 20056
1401 23 19999
5217 8196 19960
5585 1981 19986
4257 1 19996
7057 8081 20034
7930 2620 20047
6962 7496 20009
6607 1638 20098
4759 6966 20002
8079 5771 20058
1494 7484 19968
3058 4936 19991
2207 4764 19953
4038 307 19957
4444 4471 20041
2385 2142 20013
1249 7564 20048
2667 2952 19924
7196 6331 20047
6880 6583 20024
5494 7693 19993
35 3782 20038
1814 1460 19956
3119 5904 20112
1064 4108 20051
307 2131 20035
5541 7075 20010
1255 7288 20066
633 7875 1
392 7516 3
1690 4442 1
6248 5348 3
5733 7048 4
2479 915 3
7446 3123 1
2854 7209 4
3885 1504 3
1690 6618 1
4761 1266 1
5539 797 3
5749 2298 3
2545 5061 1
7476 3654 4
3380 2939 1
7574 4377 2
487 8076 3
2610 6775 4
5038 6935 3
2872 1537 4
5048 3285 4
7475 3915 2
7120 4186 3
3418 6670 3
1244 6054 4
3166 2978 2
3367 7742 4
1427 4839 2
2630 3056 1
8091 945 2
261 4560 3
242 6311 3
5566 4789 1
3776 101 1
3576 2620 3
7053 3800 3
5011 3294 3
6077 803 3
5485 2602 3
6177 3293 1
4454 2928 1
1030 4595 4
6424 3801 4
4878 4252 4
4359 4376 1
3301 7818 3
389 3079 4
3600 2118 4
6365 4302 2
4582 2076 4
8192 2106 1
5666 1493 4
3810 3074 3
1615 3057 1
3691 3252 2
4320 3966 4
292 8039 2
1156 253 3
2362 5089 3
5241 125 2
7643 7760 4
383 3788 4
6467 7133 1
3628 7537 2
7913 990 1
1177 8172 4
610 6999 3
6556 1812 3
2251 7819 2
2468 2106 3
1238 5700 4
2935 194 2
1239 5010 3
4894 7695 1
5082 4529 1
7407 2615 4
5119 1055 2
3465 366 3
519 6570 3
1451 6337 3
5791 7689 2
4358 4336 2
8009 1492 3
1173 3314 1
1634 1590 1
7644 5048 4
7103 7303 2
4595 1587 3
927 7378 4
3097 4034 2
586 5562 3
2686 5725 4
4687 1881 3
803 4972 2
1337 1219 3
569 5074 1
2452 851 2
1961 2669 2
5568 6669 2
2655 4684 1
4283 1261 4
7665 2643 3
5484 6678 2
6135 6877 3
7743 2317 1
706 2373 4
4499 3237 2
4586 7157 1
4214 2902 1
4042 2837 3
4263 6244 2
2573 7675 4
3135 1352 1
5513 3111 2
3467 5363 1
7629 7575 4
5881 2514 3
4860 5373 1
1601 3894 3
1093 2045 4
7488 5740 1
3834 3312 2
6323 3376 2
6622 3886 2
7276 5657 2
6205 2535 2
7035 1621 4
258 4168 2
7302 7433 1
3160 1207 3
2948 4726 3
1558 3743 3
3663 2139 3
6300 7187 2
4145 4549 4
7647 2750 3
3151 5301 4
66 3192 3
6911 7221 3
1274 3400 3
4777 1625 2
1601 1824 3
7668 4197 2
4507 1807 1
3237 825 2
1470 607 2
8069 1343 3
5028 70 3
907 902 1
6293 6740 4
766 1041 2
2046 2480 1
7994 7977 4
79 6974 4
1375 6316 2
3098 7665 3
7616 3810 2
4988 4192 3
7731 4709 1
5252 7165 4
2937 8197 4
7723 1444 2
6973 5214 4
7547 587 2
328 1152 3
1649 7215 2
4047 2996 4
5392 7149 2
4408 4409 4
8037 6862 1
5488 6201 1
6362 8010 4
1512 1486 2
896 6056 2
3091 4133 3
6977 2662 3
4412 1558 4
8043 3309 4
3218 2611 1
8113 2107 4
8068 937 1
6686 1131 4
7729 5669 3
6683 1048 1
4177 1179 3
1314 3347 3
283 7094 4
4676 7682 4
4480 5101 4
5362 3666 2
1022 3470 2
7259 4470 2
7619 4879 4
5216 6401 3
2469 4940 3
2926 1862 2
6240 2204 3
6390 5760 2
852 5737 2
4038 7896 4
6482 3569 4
2296 553 3
4095 5090 2
198 6531 3
6230 3400 3
7700 5873 1
6799 2506 1
4501 7872 1
7798 7920 3
6448 3230 4
6618 6464 3
603 2426 4
4809 3279 1
4163 1370 2
1643 7461 3
1415 2000 3
640 7264 3
7575 5863 4
7455 3386 4
3585 3530 2
436 3691 2
883 1213 2
5569 5766 1
3604 4697 3
8169 7200 2
6713 3039 4
3887 6016 2
7805 352 1
5870 204 2
7133 4767 1
7262 4112 2
7355 777 4
648 1008 3
1325 1400 4
2046 981 1
4594 3051 4
7695 373 2
3226 1692 4
7296 5028 3
7592 8110 2
2791 1722 3
2346 7479 3
805 2913 4
4752 5223 1
3962 6692 2
1785 3623 3
347 7393 2
1950 5440 1
3027 6094 4
2888 5243 2
863 5784 3
6787 3320 3
7209 5056 3
1465 5837 4
3015 4298 2
4523 2872 3
4841 7267 4
4951 3132 4
5810 7191 1
5527 458 2
1276 1427 2
5874 5907 2
294 4889 4
8073 7790 2
6607 3737 1
3294 4320 3
4028 2942 4
2938 5650 2
4397 4827 3
1531 825 2
5986 796 2
282 7081 3
6720 5364 3
6174 7120 4
7422 8087 4
1613 5952 4
3924 5408 1
893 695 1
2820 6041 2
1378 7681 3
4542 3180 3
4475 8064 1
7056 4752 4
2686 8111 3
2154 6734 2
4420 451 3
6868 6809 1
1473 43 4
5845 3089 4
1796 5860 3
6813 530 2
7747 557 1
2841 4948 2
235 4066 2
1100 8107 2
32 7271 3
4489 2919 3
4799 988 4
7232 3193 3
4506 2811 3
6460 7383 4
5404 1407 1
2048 5690 2
2190 1106 4
4506 8008 4
481 4781 2
2086 4149 3
938 1612 4
7834 2026 2
7349 7737 3
8123 740 2
5447 3278 3
8021 5457 3
2743 5480 4
5813 3629 2
6072 3502 2
3178 7087 1
6053 2726 4
3060 6543 4
2897 1732 1
954 4285 2
918 4905 4
7608 1197 1
4366 7448 1
2901 4293 4
4285 6357 2
2670 5564 1
2139 1952 1
1317 3168 2
6393 3063 4
4724 2201 3
4282 7361 3
6592 7276 1
3429 5451 1
6124 6301 2
1441 2271 2
1009 3297 3
2334 2064 4
3088 7742 4
6717 419 2
7679 804 4
1083 2615 1
3857 133 3
5409 6581 4
5382 6185 1
4762 2151 1
1630 5270 3
2174 3291 2
6686 5382 3
3325 4024 2
759 1918 1
4051 769 1
4497 1587 4
7657 1292 4
984 5316 1
3093 7525 4
5781 6942 3
5381 968 4
7128 4148 1
2603 2612 3
3367 2527 1
521 6029 1
417 3898 4
3310 800 3
245 6438 2
622 7783 4
5820 5285 3
284 7814 4
3594 6192 4
2064 6724 4
718 235 2
664 736 2
5156 6153 2
1420 7433 4
2887 8161 2
4364 3930 1
3179 4563 1
573 5299 2
4032 3174 2
1574 7619 3
2690 7952 2
5192 5747 1
2803 5199 1
383 3002 3
6161 2098 2
4124 4065 3
3896 1407 2
1178 4262 3
706 7020 2
7813 3409 4
1340 2487 4
1706 4164 1
6519 7576 4
4437 3436 1
3138 1307 2
3308 2518 3
1585 2920 1
7288 5282 3
2753 5416 2
5522 5185 2
4020 6684 1
3910 6964 2
6014 3560 1
4506 1819 1
5450 6435 2
6526 281 2
3870 5719 3
2713 3317 2
1681 4835 3
5976 7660 3
3110 6231 1
4766 4743 4
7585 3515 4
5539 7883 2
6507 232 4
7231 2872 3
5079 5127 3
7977 5515 3
7662 5408 4
7704 6439 2
2669 4307 4
5312 8085 4
4712 3853 1
1565 2881 2
6273 4000 2
1293 1244 3
4282 6409 4
1448 7419 2
7893 1921 2
2599 4190 3
7691 2375 3
6361 4618 3
2722 5595 4
2871 5766 3
5125 2792 3
709 7813 1
1845 1318 2
6875 565 3
8007 5800 2
7881 2195 1
5908 2682 1
6673 1121 2
5070 4955 2
50 3443 4
4713 4102 1
2257 1045 4
4563 6245 4
2593 643 2
7700 7210 3
3899 3168 2
4641 5381 2
5459 1178 2
5526 6732 4
5708 6881 1
6668 6250 2
7107 6740 3
20 858 4
2593 2081 2
2609 1281 1
6069 7367 2
6879 6125 4
4385 1583 4
5784 65 1
3456 398 3
2056 5767 1
5313 590 2
8054 2461 4
8192 5334 4
2859 3654 1
4882 6709 2
7460 5176 1
1570 5575 2
7668 6736 1
667 1229 3
6030 5142 4
7053 5799 2
1080 2301 3
5140 5648 1
6048 5650 3
4762 4822 1
6472 4478 1
3657 5982 4
6504 6426 4
566 1202 4
2107 1545 1
4056 3440 3
7923 1250 4
2994 2988 3
8047 6650 3
5315 1540 1
5022 1470 4
2514 3110 1
305 3439 2
6158 407 4
1953 6454 3
5991 2679 4
492 7846 4
2141 5439 2
1126 1125 4
2154 4936 2
6490 2928 4
8194 5507 4
7174 3287 2
6211 6312 2
1734 3639 2
4908 7270 4
7296 1365 3
7124 4006 2
5062 2603 4
5425 7928 4
966 404 3
6627 3352 3
757 1112 3
1890 5743 2
4029 2044 3
3820 2641 4
5436 5748 2
1398 3160 3
2248 3132 3
5951 5354 4
5422 3707 3
6057 7430 1
5463 3907 2
3111 3735 2
1621 8059 2
7646 2948 3
7495 1941 4
6791 916 2
5292 1333 3
7877 5385 4
5381 1178 1
7713 3557 2
1042 7227 4
8014 1816 3
1886 1083 2
4929 6284 3
3948 8029 3
41 2866 3
7066 7072 2
7227 3868 3
3235 7258 1
1029 3308 3
4015 2114 1
4846 4088 3
1165 1619 4
4762 206 4
6483 1186 2
767 1375 2
2395 7207 3
5237 4149 4
7710 5766 2
7983 6786 4
7476 227 4
4744 6677 4
2188 2013 1
4925 6636 4
568 4701 3
4616 5348 4
2858 1715 1
638 7211 3
5806 7915 3
6707 751 4
2476 7436 1
3087 5824 4
6036 4179 2
956 7210 2
2076 7583 1
1419 6300 3
7432 4365 3
404 4133 1
4478 5049 1
3417 5740 2
2980 1844 3
8081 7040 4
1682 3723 3
1340 5874 2
812 1695 4
7456 2644 3
7563 1197 2
265 5876 2
7874 1636 4
1008 7499 2
8063 1061 1
2751 437 2
4475 7911 4
4679 4645 3
4665 4205 4
8168 1504 2
539 5533 2
3028 7781 3
2686 7252 3
8148 4179 4
1941 1570 1
5471 2201 2
1282 5787 4
1453 6248 3
5329 3798 4
3070 4175 4
5066 1932 2
1772 1050 2
3618 2364 4
7749 7716 1
3009 4437 1
5725 6140 1
993 6803 1
5923 934 2
2988 1208 1
535 6312 3
6864 5003 2
203 6870 3
2975 3831 3
1068 8056 4
1522 3197 3
1094 2398 3
1466 181 4
4837 701 2
938 6834 2
2677 6363 2
3442 6956 4
7056 2544 2
4667 7165 3
2196 183 4
3133 1403 4
6724 728 2
5320 4945 4
3223 2762 4
2516 2114 2
6124 2210 2
1071 3550 3
5810 4935 3
4724 5815 1
7499 6370 4
1654 4158 4
7019 5600 1
3648 7260 2
3201 7670 1
3652 6222 4
5885 6212 3
6579 2941 4
1713 5588 1
3216 1433 3
3349 3310 2
1056 3647 3
3867 6300 1
179 1810 1
3118 5685 1
5377 3533 2
1088 3938 2
6993 2018 3
3886 326 3
1276 8114 1
5711 5058 2
7481 5722 2
3464 4843 2
2094 2477 1
5581 5963 1
1826 687 4
5972 6095 3
2909 7119 4
1543 8199 3
3943 4290 4
443 46 1
4468 2613 2
367 2442 3
2058 7498 1
3313 3839 3
5431 2360 3
4143 1390 4
4235 1615 4
6719 2271 1
2948 1709 4
2114 7617 4
5733 1583 1
4863 2283 2
3587 5293 3
893 571 1
6180 3775 3
1474 5297 1
5852 6987 1
3108 5768 2
7085 6831 1
4043 4005 4
5146 6552 1
2737 2420 4
4047 2517 3
3613 156 2
3749 6894 2
2383 1195 2
7238 5811 1
4423 5872 1
4019 4356 4
1660 5912 2
4767 4080 2
979 2437 3
7276 1721 4
2738 4421 1
4055 3875 3
5269 7134 1
3337 7518 2
7329 918 2
7990 6121 4
6630 4111 1
6172 5780 2
396 7436 3
265 5897 2
4041 5495 4
4606 3930 2
2868 6673 1
999 1354 2
2129 460 3
7470 5161 1
1546 6274 2
7765 2729 2
3235 3065 1
322 714 2
7530 3768 4
3091 2943 3
6176 54 1
447 6135 3
1015 1090 3
3318 4641 2
118 39 1
6714 6787 2
117 6973 4
5077 7500 3
7235 678 3
6115 5210 1
7007 2019 1
613 7401 4
4338 2741 1
6156 2759 1
4823 1417 1
2950 3828 4
497 742 4
6082 6008 3
6832 6051 1
7329 713 1
3692 236 1
5941 3081 2
3426 430 4
481 6041 1
6045 3560 2
2931 7016 3
5714 328 2
372 3348 2
4915 4904 1
5486 3299 3
524 7865 3
1936 2830 3
1533 5167 3
5811 1735 2
778 1233 1
552 5877 2
239 3788 1
2202 3376 2
4238 6875 1
5563 4221 4
7918 1822 1
6041 7627 2
42 1076 1
2941 4468 4
6637 6721 3
4826 66 4
16 7956 1
1700 1022 2
526 7116 1
192 3300 1
3302 637 4
6858 7975 4
4786 8168 3
2725 3153 4
3582 2462 2
1589 778 2
5246 741 1
3997 2694 4
1145 2218 1
1415 1827 2
7710 5564 1
448 4262 2
7038 6482 4
7966 5428 1
6203 1193 2
1429 510 2
5186 3726 1
6525 8029 3
5902 6839 3
5069 6811 2
1850 2601 2
574 22 2
4534 4418 3
4003 5828 4
4998 6134 3
153 947 1
7643 6006 4
6128 5371 4
1307 2798 1
3105 4284 2
4723 241 3
7185 7454 2
7890 2305 3
660 494 4
3984 1242 3
8108 6936 1
4230 4237 3
7175 6782 1
2915 1752 2
1721 8101 2
8132 4857 4
3683 788 3
110 4254 2
3363 7185 4
3054 3074 2
6194 2306 1
7416 1413 1
5171 7120 2
4259 7430 4
4569 7460 2
6236 8171 4
3709 8047 1
4891 7034 4
504 1925 3
5837 7344 1
5563 1344 4
1997 6763 3
3402 3055 3
3172 4794 4
1283 3331 3
945 3739 3
4480 800 1
590 7187 2
729 824 4
4054 3878 1
1212 5620 4
3112 2247 2
5566 1909 3
475 473 2
277 863 2
8157 499 3
6571 7000 2
3218 5588 3
5240 6307 2
4093 6655 4
1141 1791 2
8181 7573 3
4348 6379 3
392 145 1
3368 3935 2
1232 1754 2
6714 304 4
7739 7142 3
3267 7820 3
4916 600 3
7166 6640 4
4194 3254 1
887 517 2
1023 4218 4
4710 5599 4
56 3613 1
7597 6088 3
3719 5537 2
949 6789 1
1703 7796 2
7522 1947 2
3498 7633 1
1684 208 2
575 6468 1
3932 3340 2
1799 1090 1
3143 4139 2
2498 1144 4
5739 510 4
6675 3095 3
6448 4685 4
6997 6577 3
7499 567 1
5150 5871 3
4002 6930 4
8020 316 3
884 5394 2
2695 7835 2
2824 1449 4
6825 2401 2
7761 3586 2
840 4616 3
7623 2582 1
4596 221 3
2175 4671 1
3533 3103 4
4800 5925 3
4496 4070 2
6602 1792 3
535 5456 2
1280 4142 4
2047 7583 1
5512 8121 1
1385 8070 4
4215 4392 1
6475 1054 3
1182 6360 4
7135 5625 2
8151 6335 1
2182 4787 2
3749 4746 1
2240 700 1
3445 5297 4
5176 877 2
1421 4960 4
885 3792 3
2526 3014 4
4182 5366 4
1652 831 1
3173 137 3
1614 1138 1
1430 2376 3
6883 834 4
7678 1261 1
1618 506 1
3526 6370 1
6911 1227 4
2298 4117 2
6269 5648 3
2478 1438 2
6638 2748 3
29 796 1
754 905 1
7946 4886 4
5583 742 4
7405 7599 1
4635 7295 3
528 6823 2
1030 747 3
1202 6721 1
2003 704 2
5120 3332 4
1940 7262 2
5335 7200 1
6304 2364 4
4487 360 4
450 7261 4
2438 2336 4
7462 6054 2
2854 8062 4
5152 924 4
6939 2305 3
5097 2402 4
303 411 2
5151 7470 3
5493 6867 3
6355 4177 1
5551 3105 2
7958 3083 4
7089 4209 4
4303 31 1
7040 1580 2
6473 1756 1
645 5801 2
4849 2051 3
6138 1206 2
7953 229 1
5169 5064 1
5283 1309 3
2549 1623 4
4564 5307 1
4295 3134 4
6584 7532 3
5318 1518 1
7552 3191 4
6772 7405 4
6353 7240 1
6887 3291 2
5499 4574 3
7163 4464 3
1150 7627 3
4320 4826 4
45 4532 3
1846 611 1
3714 2975 2
142 7467 3
5963 1464 4
3421 4809 1
2818 5904 4
3450 1165 1
1840 7387 2
3434 459 3
3780 138 2
4080 1179 2
3846 7940 4
2319 525 3
600 7767 4
2087 5463 1
5097 3888 3
799 3301 1
5492 1737 4
2312 4939 1
4797 6350 1
877 2021 1
5180 4495 2
2941 1855 3
6298 3934 1
7021 1429 3
2343 7806 4
1021 1470 1
7721 5121 4
5613 5477 4
1522 1712 2
2463 1264 2
7678 7554 4
766 2716 4
7657 5006 3
5254 7463 4
3435 1967 3
7679 3271 1
120 3171 1
3783 6578 2
2552 3367 2
7405 5298 2
7279 6693 3
1120 6709 4
3323 8006 1
4925 6175 4
7156 4284 4
7784 3908 1
4891 3267 1
3468 1577 3
5788 2659 3
3993 2244 1
4625 1170 1
7928 3872 2
2555 3438 2
4735 4637 2
333 7880 2
7526 5957 4
3342 5338 2
364 2179 4
3243 3078 1
4368 4591 4
1177 6070 1
5839 2182 3
5791 6593 1
438 3563 1
3080 2593 2
4167 5107 3
7565 3051 3
3683 3853 2
5782 4499 4
1216 2505 2
4289 4443 2
1760 6421 1
1116 333 1
6820 6874 3
3705 6917 4
4730 4275 1
3547 3189 3
107 974 1
701 5959 1
6246 2084 2
7247 6299 2
1277 6462 3
1375 1806 4
6488 4789 1
6887 1822 4
1854 3752 1
2169 4637 4
1331 4959 1
4461 8078 3
2227 1799 1
6903 4952 3
6344 5980 4
6550 4782 4
2270 168 1
292 2790 2
2062 7884 3
885 6847 4
323 1760 2
75 1948 4
4981 7036 1
473 2639 3
7262 1893 1
5672 1867 3
5243 7152 2
374 7082 1
6879 1678 4
5853 2930 1
6140 625 4
42 848 4
3199 7574 2
1568 6345 3
4403 4066 4
1758 4659 4
1945 5761 3
5943 3389 3
2784 547 2
7847 7946 4
7813 4387 1
141 7809 1
4125 1557 1
6061 7915 1
3247 1881 2
380 5058 1
2598 5451 1
6082 4270 1
2117 549 4
1859 2878 3
589 6669 4
5228 6242 3
1030 6683 4
7079 6125 2
6404 674 4
918 103 4
7167 7245 1
2836 462 1
3756 2902 2
3526 4766 4
1862 4157 2
3365 5509 2
2126 7938 1
2564 5156 2
3088 2939 1
5884 2159 3
332 2055 1
7207 4244 3
2779 359 2
7762 6131 4
878 1186 2
1491 5748 4
608 207 3
2831 6435 3
7891 6151 4
1688 1288 2
6492 6596 2
6034 7110 4
1310 3768 1
5843 3739 4
1867 7516 3
7180 5656 3
3865 6416 2
4762 7133 3
4155 2960 1
3693 4003 4
3547 5362 2
5772 1456 2
3084 6090 1
4845 2559 3
4662 5354 2
5024 7675 3
646 1124 2
3850 4645 3
3286 362 4
284 7754 2
3125 4382 1
11 702 3
2332 2711 4
1552 6421 1
6346 2301 4
766 7605 2
6521 5970 2
2142 1161 3
2160 7486 1
1888 3993 3
5864 5471 3
5521 6470 1
941 7732 2
2073 7347 3
5685 5760 4
7753 337 3
3298 4382 1
7004 4393 3
507 4111 2
1242 1353 2
3967 4104 1
4016 6035 2
4527 5627 4
630 7004 1
5652 3093 1
7885 5701 1
3290 8023 1
7231 1361 3
4500 123 4
5585 3342 1
396 1268 3
7771 3252 1
3879 6272 2
3001 6094 3
3729 3396 3
8112 6341 3
7456 4633 3
7970 5188 1
1952 1113 1
3928 4157 4
986 2374 2
230 7606 2
46 1288 4
4934 7068 2
7762 3921 4
7730 2540 1
7997 6582 1
5088 3022 3
6202 2669 4
6296 4952 2
5661 5479 2
7921 98 2
4855 3198 4
1554 2454 1
7411 56 3
6775 7187 1
6046 916 1
3958 82 3
3776 2235 4
7857 983 4
4658 1093 2
6082 643 4
7681 913 2
157 7734 4
76 2740 4
2967 7950 2
5421 5741 2
6927 657 2
4787 2798 1
1990 5964 1
4136 348 2
3722 86 1
4696 8028 1
765 3792 1
5278 2757 4
5632 6944 2
6913 8066 1
2495 4682 1
3316 1226 1
4936 3605 1
6684 5710 3
2782 4943 2
5989 5902 2
4465 1622 4
1906 4418 2
2286 2580 3
3210 439 2
4600 6483 2
223 3361 4
4831 3082 2
862 2665 3
260 4943 3
2105 3947 2
3235 4590 1
6846 6936 3
2254 5668 3
5771 1529 3
6535 2602 4
4728 3353 2
2983 2325 2
3395 403 2
2488 400 3
4394 1599 1
5470 3782 2
7626 2037 4
1328 760 3
2392 6273 4
6780 5427 1
2527 3738 1
594 7105 3
4301 1092 3
6775 4075 3
7967 1256 3
257 5507 1
988 2415 3
6704 1251 2
3764 4354 1
5164 3566 4
2465 4058 1
5209 2851 3
4320 6605 2
743 5122 4
1611 4740 3
5738 3106 3
841 2298 4
6532 4037 2
7197 3151 4
3753 5052 4
252 5206 1
4473 5046 3
1203 5303 3
538 1349 1
2811 5496 2
5878 3543 3
2679 3756 3
4714 3723 1
2987 7937 1
6090 5065 4
7909 6303 4
532 4249 1
1266 7515 1
2077 5528 3
2489 4114 3
6475 4938 1
1745 2646 2
6938 875 3
5129 6891 4
3370 163 2
443 1947 4
7934 180 1
6563 7960 2
1737 1597 2
2567 1257 1
3195 5900 2
6931 3961 1
6476 7057 1
2872 6469 4
5532 2914 1
1935 8046 1
2276 5115 3
4088 5317 2
5781 2249 1
5504 7174 4
2871 1939 3
6449 7126 2
1227 5166 1
3369 7744 4
648 5206 3
4523 2967 1
4928 4880 3
7274 4641 3
6131 3771 4
1431 5447 1
4776 5962 4
7265 2924 4
3981 8076 4
5981 3102 4
6416 1494 1
5108 4775 2
3271 2473 4
7774 6403 4
4369 5950 1
2761 4328 1
6705 2098 3
8181 7084 2
5819 6781 4
669 1512 1
6496 2582 1
245 4319 4
4025 4105 4
1588 5266 2
1337 91 1
5915 7070 1
1635 1417 4
4384 3096 4
4314 4807 1
3495 6640 1
7163 6704 4
6385 2702 3
7136 332 1
851 7187 1
107 2686 2
4168 937 3
6578 3278 4
1481 5969 4
1925 3190 1
5832 3466 4
2256 1921 3
3395 7124 3
6559 125 4
6684 2439 4
6067 98 2
6330 8056 2
1021 6567 4
2751 7619 4
2596 3691 1
1097 6859 4
7093 4277 2
1198 5218 2
2654 5811 4
5153 711 1
2896 5015 3
4418 6518 4
1264 4690 1
5896 219 2
5090 5145 4
4606 3221 3
3652 1070 4
1730 7423 4
8024 507 3
4152 1517 3
2252 7469 1
7099 8067 3
3307 2931 4
3538 613 1
7224 5036 3
234 1750 1
1546 4490 3
1551 6892 3
4751 5182 4
2507 2737 2
1229 1841 1
1410 3171 4
8128 6071 3
4209 4677 4
4658 7369 3
5578 7920 2
7389 7319 1
8130 4960 4
6991 8068 1
674 1691 4
4243 8190 2
3930 7162 1
140 4081 4
2056 3062 2
5579 7226 4
2000 5622 4
6521 7461 1
6200 5987 4
4065 607 3
4467 2756 4
7644 2037 4
5178 739 1
1905 1234 1
7722 4743 1
5933 1401 3
8144 4694 1
889 2454 2
5874 6165 2
5113 3016 4
8107 2260 3
2997 2504 4
4022 6044 1
1973 8138 1
1862 1116 4
2444 7780 4
4890 6953 4
7051 5609 4
2360 8177 3
5260 5925 3
5707 3616 4
1551 7503 4
3820 1220 2
7784 124 3
366 547 2
5372 4853 4
4680 7713 2
5296 5704 1
7376 11 2
4335 3187 2
3187 7328 1
2060 8099 3
3752 2073 3
7375 3298 4
7103 4003 1
1688 2062 2
3235 6737 1
1728 7076 3
2584 912 4
2940 116 1
700 3669 4
3213 158 1
5105 4427 2
970 7242 3
6762 5780 1
5637 1218 2
998 2744 3
6681 6021 2
7484 2364 3
6834 2578 3
5 414 4
3932 5147 2
4217 1085 1
6678 8127 3
6714 3696 2
37 5768 3
4660 6223 4
6785 4162 1
6275 585 1
1993 2909 3
4537 1787 1
8098 6783 4
8132 1001 2
2084 5981 4
6899 6803 4
7564 5795 3
3177 3704 3
1086 512 1
3466 3826 4
2698 2436 4
933 2382 3
7900 4415 3
5678 3840 1
4620 3368 2
4444 1293 3
5573 55 4
3269 5453 2
4193 7063 1
7998 4643 3
3012 1681 1
5942 2609 2
6817 5350 1
6554 3763 2
381 7265 2
3816 3602 4
4965 3340 2
3632 7595 3
5669 2048 4
6293 6674 1
1961 7894 3
1517 6872 2
7333 7068 1
1514 3003 2
5264 3824 3
3249 3375 3
4642 3697 2
3301 5788 1
6461 5155 1
4643 5562 2
580 6141 3
1505 4586 1
153 4371 1
3377 5901 1
1378 1715 1
4342 4431 4
5903 63 4
4932 2337 2
926 6769 4
5497 2790 3
2345 1781 1
7629 614 4
1429 974 2
5359 3320 1
2019 5598 1
2715 7765 3
1603 1414 3
3819 2115 1
101 2574 4
3395 5612 3
4111 4286 3
4827 4543 1
7315 6215 1
4749 7937 3
7293 3570 3
3686 1153 4
2660 4823 4
193 2027 2
4977 1352 4
6542 7753 2
7299 6760 1
2046 2514 3
8041 5078 3
19 6414 1
1962 747 3
7663 5843 2
7011 3301 4
726 2898 4
6437 26 2
7046 1000 3
291 7960 2
5073 2301 2
7924 2597 2
6891 8164 1
606 2210 1
7383 932 3
7165 3986 4
7400 6416 1
2589 29 4
6015 5940 1
0 5043 4
3733 3879 1
7086 7736 3
3509 4483 3
5934 4807 1
1770 2600 2
1182 5764 2
6613 1677 4
6212 7112 1
3888 3900 3
4541 1138 3
2952 4780 4
1845 6108 3
939 1491 2
7559 5838 1
6660 1733 2
4497 5032 4
896 6948 2
3327 8111 1
326 3282 1
6826 7172 2
5402 7667 2
5770 6280 4
1140 7941 2
6425 6940 3
6900 2892 1
1224 4553 2
2337 3611 3
6435 5276 2
1641 6783 4
291 693 2
3170 3004 1
1614 3243 2
6487 6467 4
2873 1224 1
1421 2760 3
7621 3217 1
7397 3530 1
3926 4454 1
4790 2536 4
2075 2576 4
2156 2165 4
5442 2444 1
6736 1592 2
7653 8062 1
5083 3237 2
6769 3875 2
2384 3843 3
1533 2894 2
1303 2589 3
5192 7656 2
3787 1536 3
585 3536 2
8019 1869 1
5956 2361 1
7697 2449 2
5975 7935 4
6359 6261 2
494 862 3
2992 8084 4
8142 3179 3
1456 236 3
5175 7642 3
5421 7021 2
890 131 2
4711 7529 4
2765 6267 3
5170 6681 3
2571 1175 2
6913 5774 3
2963 4603 1
7106 7341 4
692 6649 3
7115 7999 1
4312 534 4
629 5396 2
6309 2388 2
5845 5723 1
1874 2013 3
6808 7211 2
2376 2505 1
5388 5451 4
4541 2560 2
5758 2290 3
4069 4842 3
5720 2011 4
5749 6625 4
1838 6645 1
726 2499 4
7172 3806 3
7288 1615 2
55 648 4
2037 4729 2
1492 7669 2
4498 5817 1
4645 8156 4
1739 2019 4
5791 7171 4
6593 42 1
2774 4159 3
4441 5998 4
7968 8148 4
6423 40 2
231 1375 4
5552 2113 2
5707 5553 4
2205 2546 1
1517 3082 2
7980 2212 4
5442 2019 2
2506 5635 1
257 1988 1
3121 8061 1
2187 6817 2
3535 1826 1
2345 7665 1
3572 1223 1
7699 2713 2
3471 6921 1
5478 508 4
2829 2790 1
2793 5179 3
2395 90 3
315 7309 3
5591 2925 1
4484 7281 1
3797 4817 4
2750 381 2
7274 2100 1
2897 1310 3
4945 1562 3
8143 7527 3
838 1401 3
2040 7952 4
4819 710 4
1049 1732 3
6803 4549 2
1821 79 1
2909 4748 1
7095 5940 3
7816 4789 1
4958 549 3
2101 3345 1
696 3932 3
5845 168 2
3832 3693 3
2738 6118 4
3918 1737 4
1138 2118 3
2315 1578 1
414 4995 2
2423 6871 3
1122 37 2
3059 7520 2
199 1309 1
297 747 3
4201 3975 2
5080 3146 1
6100 2110 3
1275 2689 2
3811 6129 2
5107 5997 2
7234 3935 2
5417 6732 4
237 4866 4
4359 7181 4
3119 6171 1
4108 2883 3
7619 2799 1
6339 1280 2
165 7461 1
6139 2394 1
2441 6574 1
8089 6534 2
49 4797 4
7882 6881 4
1224 5703 4
1449 2316 3
907 6454 2
5635 2658 1
2594 6166 1
6879 2705 3
1020 3676 4
2043 5995 2
7958 217 1
1616 6482 3
7602 1029 3
3856 6916 3
3818 6229 3
3300 112 2
6089 7174 2
6597 6154 1
5368 6652 1
1422 4249 3
728 7534 1
225 4721 4
7339 2910 1
4544 951 4
1565 4437 2
7128 6807 1
2009 3791 2
6960 5460 2
1364 2877 3
4575 6477 2
7069 7636 4
4494 7060 3
7389 3654 2
3539 4366 2
2287 4539 4
1914 5590 1
3290 656 2
7249 5291 3
2328 3647 3
6194 6270 2
5554 2671 3
2514 1216 1
4605 4365 3
2617 613 3
3517 317 4
4990 2228 3
3203 1241 3
1695 7765 3
6677 3178 1
8089 2863 4
7793 4196 1
2214 8004 3
3225 7647 1
754 5902 4
2292 3149 1
7483 6208 4
3231 6730 2
6365 7733 2
4162 937 1
5025 3521 1
4890 4394 1
3257 5505 1
4282 4922 4
1270 1170 1
4188 1866 3
3679 5513 4
7943 7292 1
2374 1852 4
368 2685 3
284 2655 1
7205 2935 1
5914 7742 1
6547 2496 2
2974 3189 2
2716 7022 2
576 6288 1
7861 5588 3
5687 3737 2
5622 6113 2
5045 1927 1
4662 2275 4
2016 106 2
7322 5777 4
597 1414 2
2 4800 4
1925 2295 3
7809 6396 2
709 1995 2
5582 7212 2
7731 6701 3
3621 1697 1
4356 424 2
304 2675 2
7875 123 2
5932 639 4
3111 4096 1
7275 3634 4
7117 7512 2
674 190 4
6786 6876 2
375 1081 3
3615 3983 4
5699 328 4
5583 1671 4
215 4358 2
7632 4517 2
3875 3032 2
4622 2280 3
1168 7790 4
1784 7545 4
4975 1743 4
5960 4217 4
4080 408 3
5808 2305 3
2019 3309 4
7202 2690 3
1542 2195 1
6434 6537 2
6790 3560 4
8153 6982 4
1339 6817 2
72 6283 3
4732 5031 3
5223 974 1
129 3845 3
2768 5018 3
2873 5738 4
5261 7430 3
8099 7152 3
6368 3253 3
5826 3943 4
3706 63 4
7816 2649 3
2640 1855 2
1178 2668 1
7311 7223 1
7166 4572 3
1055 7856 1
5964 1062 3
4150 1267 2
3288 6416 3
7751 3461 3
3199 2626 1
821 7913 1
4839 2513 4
7793 5231 4
1637 2257 4
1717 5314 4
3849 3457 2
6672 7599 3
8093 6851 1
40 513 3
6236 7771 3
1993 4097 3
4366 3256 4
1001 6439 1
7088 8118 4
1253 6585 1
6379 7439 2
7563 6047 1
959 6665 2
5670 7083 1
6439 5952 4
4851 4262 1
3371 5195 4
1141 1489 3
1308 7370 3
7172 2049 4
6374 6967 4
3361 5704 4
6485 271 4
3276 1974 4
123 422 3
2731 2875 1
2934 7063 1
464 7710 3
1881 4073 1
5945 3208 1
2157 2111 4
2609 5475 4
8028 7381 4
7182 2658 2
5339 14 1
3041 2633 4
1416 2793 1
4554 3552 3
2843 4804 2
223 5873 3
7236 7349 3
6106 6063 1
4263 762 3
7671 6181 4
537 6198 4
1822 4675 4
3247 4928 3
6667 589 1
7586 7444 3
7273 6138 1
5095 5276 3
1706 2734 3
3640 3528 4
3299 2180 1
7421 3522 2
480 4340 2
7502 1795 1
4897 38 2
3983 3401 2
2814 5169 3
2455 2541 1
574 100 1
4981 3590 2
5261 1678 2
4975 2693 1
3987 3702 1
3453 7524 4
3227 5529 3
7397 674 1
835 865 4
92 756 2
4983 778 4
5816 7420 2
4233 2750 4
2354 1957 3
1274 2316 3
32 4285 1
1522 6286 2
865 3529 2
2611 965 1
6065 6543 1
4463 6654 3
2823 966 1
2336 2358 2
1447 3945 2
78 5135 1
5591 1470 2
617 4387 1
1617 2230 1
4202 442 4
4587 6578 4
6020 5253 1
1877 3212 1
5237 3571 1
780 6959 4
3727 4677 2
7410 2163 4
5238 5559 2
7436 7712 3
6424 5342 4
1426 5292 1
7624 7039 2
7212 4921 3
6149 1191 1
6642 2007 1
5569 1364 3
260 1276 1
1622 1992 2
5423 1682 3
7109 1966 2
1730 153 1
2094 889 4
4270 6802 2
799 6183 4
4512 7978 2
3980 4977 4
7905 1260 1
7371 4715 1
3839 1618 4
1016 1446 1
203 5815 2
3859 4993 2
3157 1791 1
7591 5897 1
912 7741 2
3058 2312 3
3899 266 2
6488 6572 1
330 7511 3
5093 1288 3
6345 3211 4
5768 7310 1
2489 4652 2
5593 1189 3
3934 3672 4
1680 4664 3
1485 5838 3
137 832 3
1767 2439 2
651 7889 3
7169 3341 2
1836 6746 3
7065 4924 4
2942 405 3
7769 5021 4
5386 4678 1
3472 7857 1
723 384 4
1985 7274 3
4523 5435 2
6976 1573 4
353 8123 2
974 5506 4
6549 1967 4
1323 6521 1
5577 1677 3
1094 2942 4
7838 5505 3
2394 3651 4
591 537 1
2225 5155 1
1116 6282 2
1999 779 2
1601 7889 4
7065 4078 2
2467 5662 2
4869 6552 1
1473 6513 2
712 374 1
2175 7174 2
854 2062 4
5102 4867 2
2188 2095 1
2451 2362 2
3833 4132 4
4413 965 4
5625 4365 4
5695 7662 1
3022 843 4
1207 2809 1
3695 5737 2
6890 7220 3
6783 2469 2
7538 956 1
4673 5295 2
5973 1680 4
3053 128 4
6085 3062 4
1084 7993 3
2007 6100 3
3104 3961 1
5036 4062 2
4256 5699 2
2828 2163 1
3383 3130 3
1916 2575 1
2792 1839 1
7643 301 1
7261 117 1
7293 7899 1
6383 8141 4
2607 3104 3
1687 7158 4
3591 6590 4
3970 1885 1
4942 6789 1
3258 7571 2
770 7948 3
2843 4228 1
4889 3534 4
5906 843 2
641 7534 3
3649 3529 3
5156 4612 4
5535 518 4
7200 1290 4
5498 530 4
5935 2183 1
3998 2942 4
4701 3710 2
3921 1928 2
7955 1608 1
1546 3080 1
2591 6367 4
4772 8152 2
292 191 2
7288 6910 1
5444 553 4
6221 3475 4
7238 6941 1
6454 8054 3
7910 7210 3
6049 4857 1
4137 7568 3
4915 8168 2
3375 2172 1
129 6951 3
4575 6940 2
7124 6257 1
2326 5566 2
5504 1806 1
4067 7797 4
617 1093 2
4801 6122 2
7093 3999 2
7266 51 3
1522 6483 4
7478 2058 2
2820 5539 4
2922 3226 1
5346 6471 3
413 2244 3
5586 1774 2
4192 785 3
4382 4957 2
4595 6849 1
2090 568 2
5461 7940 3
4749 4135 3
3002 7798 2
1412 231 1
5123 7445 3
5758 2309 4
1127 1468 2
3590 6729 2
7743 419 1
3081 5078 1
5672 4945 3
6253 1919 2
1906 2649 4
8195 6943 4
6382 5834 1
122 1336 3
3014 8078 4
2708 2906 1
4513 3873 4
4673 8164 2
7558 6473 3
7943 3072 4
7926 541 1
1167 4143 4
3000 3779 2
606 5428 4
2450 7412 3
7734 5393 4
6977 4101 3
250 2145 4
5864 4105 3
76 6560 3
5437 2940 4
6414 4677 1
482 8065 2
4524 5761 4
8019 662 4
6552 2066 1
7341 7160 1
3979 5303 3
7892 1520 4
4908 6029 4
5838 877 1
3955 1965 2
1467 4729 2
2169 623 3
1382 4721 1
4437 7284 2
1048 3901 1
2388 1184 3
7708 1062 4
7303 5595 1
5696 523 1
4385 1272 2
1406 5119 1
1631 5970 4
295 75 2
3719 2672 3
121 2389 1
3314 190 2
5011 2059 1
7230 6398 3
7036 662 4
2720 7874 4
2653 2240 4
5365 4601 4
2479 6991 3
1033 4840 2
48 59 2
8028 2562 3
3553 1816 2
2155 1972 4
845 5171 2
5531 2868 1
924 2574 4
5555 3396 3
6635 3282 4
5987 253 3
1520 6623 3
5978 4027 1
1852 3693 3
5714 6765 4
2890 4383 4
5464 1396 2
2206 2435 3
5377 7257 2
3018 6206 4
4978 4649 2
4934 2004 2
7165 3688 1
5908 918 3
6129 811 3
1160 1603 3
426 7186 3
3881 1062 2
378 170 1
6664 7438 1
2690 7720 4
1088 4122 3
3813 7556 3
8100 5188 1
382 7953 2
6845 4211 2
4279 1817 1
307 4295 1
3266 6186 2
7741 1645 4
7138 6948 3
1960 2438 4
6482 1772 1
5858 1077 4
267 7395 1
7231 58 3
7736 1655 2
5330 4460 2
8115 896 1
6331 3957 2
8199 5501 4
5951 4644 1
7694 6521 4
5711 6838 1
705 6620 3
7781 6389 3
595 3066 1
3163 8073 1
7919 6320 1
3263 4800 2
3937 4467 1
7719 8198 2
412 6536 2
5386 6811 2
7345 4737 1
5440 6902 2
3959 1024 1
4698 2074 3
1347 8138 4
6036 5784 4
5119 6223 1
2714 2663 3
1811 3818 4
2995 2544 1
4640 946 3
543 7899 4
1233 2480 2
4710 193 1
7741 790 2
6354 8136 1
6600 5253 4
5264 7022 4
2018 3577 1
4705 3027 2
5681 3742 1
4341 7788 4
2293 1253 2
6529 2273 2
2331 1227 1
521 4607 4
6051 575 2
3950 6357 1
4758 2361 2
5625 1902 3
6614 2734 2
7067 7684 1
6999 1146 2
3373 6968 2
2044 5670 2
8178 3741 1
7141 299 1
7922 5201 1
6719 7507 1
3955 2558 2
4224 864 3
687 3364 3
1704 3764 1
2888 6462 2
6374 177 2
307 4938 3
4287 4108 4
3399 3904 3
777 5554 1
5642 5159 4
761 7380 1
4694 4579 2
5845 4644 1
545 5505 2
4676 4707 2
3805 5827 3
3507 2317 1
6926 155 2
5930 1193 2
6709 2107 3
5176 3525 4
5874 2488 3
5229 7963 2
788 6959 1
2422 7325 4
5253 7840 4
7356 559 2
3142 5019 1
1958 2279 1
4923 2717 4
3556 1097 1
6408 7167 2
5211 5772 2
2542 7108 3
1820 5579 1
2751 4179 1
6140 1086 1
5073 4404 1
5450 1354 2
3179 7420 4
8068 4048 4
5611 6521 1
594 6206 1
4600 3821 3
5679 3347 3
82 1105 3
4353 7854 4
4620 2351 1
7447 6781 4
4611 57 2
3486 1134 2
7292 2530 2
1047 152 4
1821 2388 4
2180 7874 1
2085 776 1
1300 6784 1
4102 5265 3
3021 70 2
2736 8006 3
5607 6261 2
8122 2103 3
2182 2743 4
154 6578 4
865 5200 2
3619 7145 2
101 295 1
246 8026 4
5846 3584 4
6681 4304 1
31 3999 3
3427 6426 3
4076 1031 3
358 7547 3
4581 916 2
5529 1683 3
4702 2404 2
1839 5 4
1834 6949 3
1528 3648 1
2225 6328 4
5489 5917 2
7905 7871 2
932 4585 1
386 6149 1
4151 3694 3
1561 6563 1
1191 3521 2
1339 6736 1
1296 5393 4
354 6770 2
6759 7571 3
822 5606 3
6080 3922 4
7850 6655 3
5339 3019 3
7229 1703 2
7236 388 4
2205 3411 4
3008 7303 4
3354 5054 3
1491 4149 3
5321 6575 1
8009 2708 3
4551 688 3
4994 735 3
2397 2813 4
3387 1989 2
2891 5468 1
3728 5256 2
1035 7036 3
16 3081 1
6928 5903 4
2610 6907 1
7147 1962 3
6984 522 3
5812 4906 1
7868 7419 2
15 1735 2
7992 3946 1
5922 1579 2
5023 3544 1
1301 8183 3
7007 2836 4
7010 2318 2
2027 846 2
4064 3569 4
8061 4588 4
2014 87 3
3014 6966 3
7545 4027 4
5740 7568 3
7040 7978 2
696 4769 3
629 2830 3
4694 4029 4
360 699 4
5174 3750 1
1460 1151 3
2721 4667 3
6169 2389 2
6308 6064 1
4185 473 2
6160 4128 4
4578 3444 3
4873 6613 4
8186 4244 4
4343 1272 1
1503 2305 2
1967 1772 3
6353 4044 1
5595 5019 1
1955 4061 4
1525 562 1
5682 5804 2
1545 6098 2
1584 2930 2
4260 4238 2
1152 3220 2
6384 1839 4
2432 4420 2
33 5826 4
5945 7755 1
4517 7446 2
5924 4165 2
6571 6238 2
8067 3930 3
1173 5661 3
4827 4163 2
7896 5210 4
3730 5111 3
2446 8155 4
8103 5394 2
7317 7694 4
1252 3522 4
6408 6843 2
5763 2316 4
5368 758 2
8158 1488 2
2455 7684 2
3019 5488 4
5412 513 3
2768 1364 2
2220 7726 3
419 4151 1
5642 2680 3
1818 4828 4
4518 4053 1
6565 2752 2
2513 1687 2
3065 2347 2
4423 860 4
1447 5891 4
2403 3705 4
6574 6602 3
6350 4828 1
3532 415 2
3753 1999 3
4389 2900 4
1794 4254 4
1970 1741 2
2166 335 1
5529 4694 2
5201 6021 4
7063 5645 1
5805 3288 2
5378 3143 4
5297 5222 1
696 7407 4
5081 5024 3
1794 287 3
6897 6272 4
7410 2930 3
1970 4505 1
3297 6488 1
2091 4459 1
2632 2695 2
2923 1347 1
3616 6828 3
1494 452 4
5964 6248 1
1939 6434 4
847 7357 2
6243 1066 1
1334 7840 2
3070 3712 2
3331 5871 4
6223 1828 4
2467 2775 4
872 8172 1
3121 2590 1
2630 6589 1
4698 4013 4
824 7601 2
5811 6156 3
2941 7531 1
3295 579 4
6695 5194 1
465 1240 1
504 3382 1
1845 303 2
6678 5257 4
6390 5213 4
2265 7687 2
1627 6471 1
5759 6899 4
4739 4843 1
6530 4536 2
4972 4243 3
5639 934 3
3629 6390 4
4888 7815 2
5259 2428 4
3807 5643 2
1086 5513 1
5835 1100 3
1543 4298 4
3826 3741 4
911 4876 2
6720 4093 4
3158 27 4
3937 3629 2
546 3808 2
5653 6042 3
4342 7690 3
6163 2153 4
3597 7047 2
6627 6640 2
7380 615 4
6762 2671 3
3901 55 1
6246 1909 3
438 2974 3
7830 633 4
4186 6279 4
4076 6628 4
5683 3621 3
1188 7098 3
5760 375 3
6409 7222 2
5193 4192 4
5965 7829 2
387 3368 2
2865 8040 4
1924 1974 2
5051 6022 4
5642 36 2
1683 6339 2
3145 3795 1
3074 6741 2
2770 5258 4
5565 6414 3
7133 6946 4
458 1644 3
651 2457 2
1187 2970 3
276 1776 4
5816 3171 4
172 2289 4
1627 6445 1
3016 3846 1
1931 6640 4
18 425 3
507 5802 4
3234 7059 3
1808 5296 1
3117 574 4
6279 1694 1
5365 5347 3
5712 4627 4
1450 6904 2
3315 1464 3
3095 6909 3
3363 3500 2
2472 6916 3
569 3653 1
6558 6470 4
7467 7287 4
5640 7957 1
6217 1210 2
1312 927 4
3460 471 1
1238 6645 2
3404 2265 1
6933 4402 2
7894 5438 1
3572 3243 4
4318 2698 2
6663 2121 3
7243 7520 2
7007 5270 4
6267 5142 2
4850 4146 4
7463 5638 3
3489 5930 2
2720 3919 4
1863 6121 2
4278 5262 2
4522 2364 2
3295 2258 3
5417 4615 3
6807 2880 1
7148 3322 3
1300 3992 2
6017 3610 1
1254 6419 2
649 6260 4
3251 3077 3
4798 6636 1
2590 6159 2
7970 2755 4
7531 5987 2
1892 3737 4
6480 7886 3
4046 279 1
1020 5992 4
492 7534 2
1240 7125 3
2305 2877 1
3898 114 2
5146 3371 3
1677 1049 2
4277 2670 2
661 2014 3
2234 2974 1
2878 3375 1
4460 4975 2
855 3863 4
1336 6763 2
1451 1445 1
5758 861 1
6918 123 3
7829 8141 3
4742 6398 1
509 4132 1
8143 7267 1
7222 3595 1
2776 1188 2
7667 5022 2
1803 7555 3
1686 4755 2
5870 2797 4
5261 2635 3
8029 7230 4
6278 712 4
673 5126 1
2276 3602 2
962 5776 3
2563 3855 3
1323 2724 3
3647 5205 3
2928 3079 4
8009 1390 1
3444 4590 2
5477 2519 4
2136 7397 3
2809 7443 1
3193 5460 4
3497 4469 3
7766 6019 4
2438 7104 2
3343 7644 3
2956 4460 3
2163 5532 2
3150 2491 2
7290 3758 1
3742 5531 2
8036 1062 1
6143 7872 4
3394 2683 3
5461 2028 3
4232 3029 2
5006 1852 3
7124 2358 3
7578 639 1
3305 3392 3
4404 4258 4
401 7257 1
4064 4396 1
7124 3453 4
2439 5751 4
4056 4129 4
4785 4423 1
3091 1794 1
1826 5596 1
2149 2059 3
3515 1652 3
7244 5362 2
2676 88 3
3752 3700 4
5992 4151 2
7469 185 4
6978 7376 3
1122 5571 1
228 2167 2
3471 6393 3
2730 730 3
300 4169 4
458 2371 2
7164 4800 4
2920 3534 2
4455 6911 1
3090 4128 2
7177 1609 2
8140 3958 3
1601 7865 4
7633 6615 4
2265 7575 3
5729 7713 1
3458 7264 3
2971 583 3
3361 2410 1
3703 2160 4
3544 5151 3
3666 3699 4
3323 4522 3
114 3745 1
943 8063 1
7585 3467 2
6981 495 1
740 5770 3
3584 2947 4
5089 4251 3
2971 1936 3
1163 3136 1
593 883 3
3787 6181 1
5785 3182 2
143 7699 2
782 3294 2
7109 7768 1
485 6898 3
3275 1129 4
2042 1955 3
4503 599 4
1039 7754 3
6731 5098 4
5511 903 4
35 806 2
7591 5253 1
6988 4671 3
878 2913 4
337 4892 4
807 4982 1
4658 4528 1
7461 5071 2
3179 7990 1
1035 6915 3
2330 3117 1
7895 1205 1
147 7315 2
7912 645 1
1313 5328 3
1812 2499 3
473 7511 2
3452 5795 2
7155 8155 1
4626 2728 2
232 7002 4
1918 1938 3
3383 7389 3
6079 863 2
5152 5835 4
6678 5171 4
7823 7203 4
2827 442 3
1917 1829 3
4447 2284 4
6976 6265 4
7031 4507 2
7623 2812 3
5236 7785 1
1007 7102 3
2008 4117 1
5927 7840 3
3410 1745 4
4372 606 4
32 1300 3
2719 3461 3
285 4649 2
3724 5485 2
216 697 4
1675 7282 4
4471 2542 1
7055 5546 4
958 3122 3
879 1807 2
6244 2982 4
7176 4077 3
4193 5876 2
355 5042 1
1345 7445 1
465 2386 4
1232 7032 1
4687 5855 3
410 4660 1
2325 4728 4
714 3340 2
6300 6069 3
8140 1473 2
175 7393 3
3841 2019 1
7613 6777 1
3124 7787 4
1034 5421 1
5191 406 3
2164 5993 1
8092 6456 4
7341 3715 1
8042 1472 2
2308 726 3
2924 7551 2
1440 5134 4
2825 6066 2
7341 970 1
6445 4388 3
6291 6696 3
991 2454 3
1460 6518 3
1163 358 1
8126 2075 2
2976 3210 1
6358 6137 1
6175 3247 3
3766 7389 4
5611 5714 3
1580 1193 1
2616 7789 3
606 6448 2
3475 7975 4
4071 4463 4
2342 2088 4
1896 4418 4
812 5553 1
716 6724 1
4321 3492 3
7497 1305 2
7982 1182 4
1041 2984 1
1155 2651 4
4265 5375 2
2640 730 4
6390 3944 3
1107 1721 4
3948 5987 4
6543 178 4
80 4410 3
5162 2143 1
2323 4734 3
3500 1954 1
4662 705 4
770 4565 3
77 7694 1
4672 5151 4
4015 3515 1
3378 5713 2
4164 2131 2
4870 8058 1
3193 2122 1
4497 5011 2
6561 3302 1
5624 440 1
5232 4095 4
45 3732 2
2698 5715 3
2355 5589 4
6959 3935 3
7779 3272 2
328 2135 4
5802 350 3
58 5009 3
2954 5075 4
3197 3515 3
5573 7377 1
2050 286 1
6190 5296 3
198 6849 4
7731 3083 2
7088 4464 2
4367 6665 3
5747 5691 4
8161 6444 2
3787 6534 1
4632 4888 1
5361 7688 3
1681 7265 2
1277 761 4
2396 5957 1
5076 5865 3
8167 6757 1
5191 830 4
7230 756 2
4913 7770 1
6757 4556 4
4533 1263 3
183 2595 4
5177 2932 2
4172 7601 3
6566 898 3
549 3530 4
1963 2414 4
4361 1599 4
1230 4853 1
1811 3512 3
4892 5584 3
7319 7887 2
750 7190 3
6053 5513 3
7654 4411 1
2964 4533 1
957 5301 4
2998 3172 3
979 936 2
7563 6161 3
5973 22 3
1275 3311 3
2317 7363 3
4489 4334 1
5248 7323 2
492 976 1
7629 11 1
2024 1378 4
3491 3575 4
229 7738 2
7479 1891 2
1150 4976 4
5219 3851 3
6702 742 3
3062 857 4
3634 1127 1
601 1921 1
43 6346 2
3459 1381 2
7158 4023 4
5853 104 1
3164 3509 4
6842 4722 1
7626 3648 1
4523 1435 2
6565 5633 4
7425 7275 4
7484 5974 2
631 3129 4
7493 2678 1
2243 4159 2
7236 2372 1
6377 4488 3
6556 2235 4
4053 6704 3
474 565 4
5749 7562 2
6984 8131 4
910 5566 4
5541 5877 1
2987 3688 2
4673 5263 1
1525 6800 2
6810 6845 1
7605 5403 1
6541 5886 4
2964 5676 2
7747 4882 1
5255 4212 3
5267 3409 3
2206 4883 3
3007 5144 3
3523 5633 4
6972 763 1
8114 7429 1
285 5832 4
2488 1693 3
7972 4998 4
2093 1326 3
5858 5254 3
7536 6100 4
7208 6312 2
1086 6489 3
112 936 3
2130 3067 1
5457 6780 2
96 1746 1
3484 1219 1
2358 4187 2
7507 27 2
4002 1425 1
2273 5271 2
7309 7348 2
7728 3357 1
3013 3678 3
7421 6358 1
7227 1879 1
4470 718 1
7609 6500 2
4764 6815 4
1311 7420 1
311 3710 2
7277 1855 1
3144 8050 3
3538 7876 1
1558 6117 1
2537 1764 4
1998 2493 3
7923 3387 4
4472 3501 3
4587 632 1
6502 785 4
3958 7849 4
3321 5170 2
1059 4994 4
6687 5543 3
503 8128 4
7452 580 1
5536 2215 3
4905 6069 1
896 3111 4
3010 167 3
1866 7353 3
783 543 2
3785 7930 1
3117 3349 1
5842 2154 4
4912 4629 3
2415 1525 1
6285 639 2
2077 4912 4
5655 7476 1
2135 1608 4
6926 5652 4
287 6989 2
4216 6635 4
5425 5177 2
2378 3444 2
7312 6664 4
5831 552 4
4801 1153 2
2629 429 4
4955 4199 2
2254 3393 1
2028 6843 2
5061 3272 4
1830 5743 1
1325 1786 2
5957 2729 3
1136 3080 3
4578 2771 2
3591 2855 1
4362 2940 3
1823 4976 1
7448 6282 4
302 34 4
4751 1828 1
6265 7203 2
2049 6500 1
4862 3949 1
3093 6266 3
315 6072 1
6056 6996 2
3765 1859 4
5324 7007 2
5429 7219 2
7507 1125 4
6749 3941 2
3062 243 3
981 4716 3
7644 4648 3
3949 7053 3
5027 2385 1
5236 1529 2
7229 2336 2
5494 823 4
2033 5356 1
4026 3868 4
7743 3662 2
3732 5984 3
6245 2691 3
8105 7708 3
4040 6419 2
2187 2852 4
830 4120 2
4473 6253 1
4010 5704 2
6920 105 1
5308 1710 2
2133 2078 2
7199 3747 1
7535 4987 3
7768 7589 3
2744 6295 2
216 1963 3
3680 2546 2
3454 3129 4
4485 3099 3
549 5075 1
930 1108 1
5049 3855 1
4682 4293 4
1730 3345 3
3983 4891 3
1815 3357 2
969 5809 4
6057 7969 1
6681 1684 1
6580 6243 2
347 7902 2
228 996 1
8032 4324 2
4217 3165 3
1345 1875 3
2566 1649 1
5910 6516 1
6138 1672 4
6954 1282 1
6423 6610 3
686 4649 3
916 6562 3
584 7592 3
6230 642 3
7108 1495 4
5780 3128 1
5873 2332 2
2754 5816 2
1411 5017 1
952 4378 1
6400 7012 4
4058 6907 1
1166 1689 3
276 2870 2
768 1556 4
7089 7166 2
6235 8035 4
8063 6801 1
7823 8010 4
1108 6463 4
3843 7630 3
7466 2255 1
7364 2864 1
3313 6425 2
1164 4844 3
4261 4672 1
2542 5533 1
1504 8107 1
2143 1401 3
7613 4682 4
4439 3269 3
658 7210 4
17 6542 1
7379 381 4
4787 4045 2
4163 3331 4
47 8113 4
7360 8012 1
7385 8091 2
8012 3533 4
272 4784 1
4338 7728 1
443 870 1
5549 4459 1
7736 896 2
7041 6662 2
1100 173 2
4873 10 1
6448 3937 2
1076 2439 2
2115 7646 4
4766 6147 4
6768 7998 3
2508 4751 2
6092 6184 3
6676 3396 3
5980 4047 1
6045 4431 2
7772 3294 3
4528 3809 4
2818 6064 4
127 1089 3
2182 3943 4
7670 335 3
4791 1286 2
5267 2547 3
665 4924 1
6363 1535 3
1934 7272 3
6820 2592 1
8073 2426 4
6477 4085 4
1996 1416 2
6828 4647 1
2641 5883 1
7788 3586 4
267 419 1
2647 2110 4
6904 3830 2
5632 550 1
6194 984 2
6613 1309 3
8053 7074 4
5061 6668 1
1612 6751 1
2230 159 2
2415 6869 4
5645 6017 4
6692 8117 1
2020 4394 4
3224 134 3
7125 3160 2
1456 251 2
90 4461 4
5024 4907 3
81 828 4
1722 4155 1
7761 5538 3
1675 6689 2
555 7866 1
6014 7074 1
7332 3807 3
6078 4129 2
6108 3345 4
5773 1444 3
4465 1422 1
2264 5190 1
5728 7931 2
3897 1339 4
1769 3382 2
235 3931 4
5748 1705 3
6566 3050 1
5887 6204 3
352 5987 1
1252 5406 2
5314 5020 2
969 6857 1
5529 5920 3
3361 405 2
7042 6082 2
1770 2396 4
6151 1895 3
1763 5638 1
930 955 4
5875 1219 2
1197 7157 3
2946 7266 4
881 8178 1
4611 1057 1
2801 6753 3
8035 3670 4
4793 7453 2
4667 2597 4
6560 1784 3
4936 4846 2
7275 1344 2
1923 4575 1
1769 5372 1
3593 2671 2
2035 2897 2
193 2421 4
8029 3137 4
3303 4057 2
8006 2711 3
5134 4904 1
994 506 1
8107 3812 3
6372 4570 2
7364 5771 3
5386 2626 1
4076 5875 1
3475 2316 4
7774 1685 4
2876 5163 1
7802 3324 3
1261 6051 4
4910 7899 4
2123 1583 2
7115 7179 3
3309 2030 4
5320 3426 1
1314 7527 2
2657 8043 4
2731 3424 3
5390 590 3
2364 324 1
4752 3444 1
662 5792 1
6745 7796 2
1559 3317 1
1947 5447 1
2560 3540 2
3288 6286 4
7866 451 4
754 5201 1
6385 1908 3
4607 2979 1
3385 1116 4
8162 3581 1
3683 1544 4
7035 7590 1
4681 804 2
7780 6356 3
3847 7400 1
3021 5241 3
7372 2315 2
6402 4272 3
5313 4175 4
6474 3058 3
6990 1879 4
4480 4093 2
912 2237 1
2677 2663 1
5667 2804 2
2341 6789 1
6007 3969 2
5395 6628 1
3161 2408 3
3951 4027 2
7699 8014 1
481 3807 3
5092 816 3
7733 7567 3
3098 2843 1
3038 7301 3
4714 4464 4
2787 4099 2
6279 7283 4
5951 6074 4
4117 594 2
6602 1353 1
1842 534 3
7499 6537 4
7099 3498 2
6337 6942 4
3708 2772 3
3524 4391 1
1447 7536 3
6493 6601 4
1486 2417 3
6539 4063 2
7001 3920 4
3642 6781 3
398 7873 4
2496 5225 2
7068 1063 1
565 7024 2
3381 3234 2
755 291 2
3310 5553 3
3289 2583 2
2544 1733 2
1917 3589 1
7885 5578 3
5762 1973 1
7979 436 4
4233 5099 4
7813 5025 2
1501 3152 3
5352 4642 2
7807 6965 4
7060 2290 4
1178 5151 2
1865 6314 2
6020 953 1
1091 5214 1
2231 2562 3
2662 6611 4
819 5135 4
7639 5299 1
1150 6069 1
2600 5910 4
5146 2263 4
7447 6434 3
4680 5664 3
5868 5610 3
3850 1800 1
2953 6290 3
7716 2123 4
4676 4470 1
3732 7742 1
3148 5172 4
917 5243 3
3530 2851 4
2048 5844 3
6696 3912 3
7430 3621 1
2680 1705 3
5504 3353 1
6047 4090 4
6510 1706 2
4721 5094 4
4540 7080 3
6887 100 3
2022 1210 4
8121 1240 2
8176 1201 1
6350 6326 2
1537 1691 3
7501 2930 4
121 1571 4
4518 5555 3
2666 7661 3
3514 5078 1
3520 2030 1
503 6394 2
6116 4578 2
3922 6982 2
6190 5258 3
2119 4135 4
6231 2166 2
6688 6600 4
2662 2691 4
7897 2074 2
6132 2822 1
1691 102 2
1437 4821 2
2831 4449 2
2089 5290 4
4391 689 3
2862 4288 2
3868 2837 3
4266 7270 2
6135 1914 1
1732 3556 1
4649 2209 3
6915 5270 1
5684 5843 3
823 8193 4
677 2480 2
6303 2300 1
3702 6505 3
395 596 1
7182 6137 4
5090 3492 4
3860 1165 1
5153 4180 1
5915 7959 1
4771 5816 3
1893 6028 2
8067 6009 4
7985 2059 1
8022 5598 4
1793 707 4
6715 7531 1
2349 2322 1
5745 4832 2
3180 5229 1
1046 6976 2
7614 772 1
3370 914 4
2821 5285 4
4671 5993 4
6304 6659 3
3436 2103 3
3792 7513 2
1571 492 3
1073 2 1
961 492 1
7566 1143 3
1359 4142 1
8057 6950 1
4651 6781 4
4540 5434 2
2462 4120 2
5555 5221 1
1183 4385 4
335 5557 4
7377 6600 4
7528 5816 3
3607 7961 4
3354 7569 2
4425 597 1
83 2150 2
1462 5214 4
4850 7214 1
5843 1178 1
1871 1303 4
3572 187 2
8068 8054 1
3075 2560 1
4618 1229 4
4073 850 3
5022 3310 2
55 3766 3
3439 6568 3
2273 760 1
873 5699 4
4957 1998 2
5432 4725 2
4368 3539 4
6379 3398 3
4646 6429 1
6681 878 3
4408 6314 4
3179 4700 3
6608 6173 1
3486 7775 3
1250 1248 4
4357 5070 4
1191 3382 3
2383 2754 2
4559 6849 4
4601 7359 4
6537 6394 4
6225 1957 2
6944 6130 2
1018 82 4
1709 7962 1
7787 4210 3
7790 46 3
1890 1950 1
4888 6417 2
4021 4539 1
453 7669 2
4856 4236 3
2626 2876 1
140 2390 1
1490 5364 2
1597 6554 4
5577 1321 3
1710 6079 2
871 6835 4
6039 6124 2
131 5267 1
3962 6667 3
5182 6937 1
2625 3772 1
555 3719 3
1381 658 1
7396 3494 4
4906 2550 4
5684 2125 4
2214 2070 2
6588 1037 2
5724 889 2
4190 724 3
6350 2946 2
4679 3896 2
8099 8078 1
5673 7148 1
5830 5490 4
4556 6409 2
6292 3188 2
5783 3657 3
4196 495 3
2133 2978 2
5368 507 3
5521 577 3
5141 1620 3
3224 3065 3
6330 6622 2
1898 4120 1
3986 1401 4
5426 941 2
2210 1039 3
750 7971 3
3940 1481 4
7460 4695 1
8121 6941 1
1632 3498 1
5084 2334 3
6790 4321 3
6902 927 4
7607 407 2
6966 4620 1
876 3143 4
193 4078 4
4038 4737 4
2034 4730 4
4182 1224 4
3523 5042 3
4804 4968 3
6210 6029 3
1608 564 1
2705 8198 3
1654 4018 4
3496 7619 3
8100 7856 1
4368 7999 3
3983 4467 4
1319 6668 1
7804 245 2
235 5840 1
5538 4306 3
3970 6687 3
358 5343 1
7648 7255 4
5002 8114 4
3279 192 4
5773 515 2
968 2011 1
4358 6299 4
6298 7350 2
1013 7994 1
7730 7699 4
69 786 3
1682 6320 3
1996 2055 2
2879 849 4
5038 146 1
1236 3985 4
7106 1291 2
6983 1477 3
670 3935 3
2484 4618 1
2093 5579 1
3810 8027 4
5812 339 3
1302 736 1
6358 3049 3
4136 7370 1
7618 8126 4
7657 6801 1
8 1783 1
6021 4278 2
5215 5739 1
290 904 4
7336 6432 2
5320 3117 3
2944 4781 3
4581 3838 3
1612 4520 2
1861 4910 3
2799 1952 3
5022 5152 3
2954 5463 4
6614 2036 2
2016 1929 2
2463 167 1
6164 1940 2
7266 6086 2
1537 6900 3
99 5388 4
6701 950 3
5992 3298 4
1836 2554 1
7194 1068 2
7010 6387 2
870 4190 1
7736 6695 2
8085 6045 1
7975 4331 2
8059 8185 3
5230 4731 3
537 1938 4
282 936 2
746 5986 2
7911 6299 4
7693 3212 1
3863 4538 2
853 7904 2
3500 5065 1
2448 6663 1
5826 4053 2
6507 4634 1
4492 503 1
4777 4506 4
1651 6768 2
37 5060 1
7876 4621 3
1185 7440 4
3996 2726 2
2104 7524 2
722 4871 3
2413 5442 1
3512 5474 2
5914 7522 3
2491 2340 1
1349 4235 3
3627 3270 2
5819 2774 1
2403 1605 2
5285 3205 2
2030 271 3
2658 5529 1
6258 3425 4
5202 6414 3
7801 480 4
4340 6248 4
4055 8099 1
2523 5484 3
6395 2055 3
5134 4742 3
5022 526 3
1165 5419 2
5801 917 2
948 643 3
7270 5647 1
7198 5380 2
7959 776 1
7065 3788 2
3518 1930 2
6539 5930 1
1977 3046 1
5822 1549 4
1597 2916 2
4366 5334 1
2133 5337 2
1171 1861 1
2920 5702 2
5628 7439 4
1526 132 4
4425 3949 1
339 4805 1
3190 7727 4
5806 4429 3
5602 1457 3
4854 7694 1
6703 4952 1
2558 7169 1
3518 8025 2
902 1607 4
4873 7885 1
421 7558 4
5993 8088 4
1669 1011 4
7726 5640 3
5225 7406 3
4853 3147 1
5637 7682 1
4318 1206 1
62 3733 4
918 7474 2
8106 8171 1
966 8058 3
6955 1004 2
7317 1236 4
2101 3015 3
6374 7942 1
7503 5583 3
8088 6772 2
6798 6165 2
213 4349 3
6883 5318 3
1383 6911 1
2025 7269 3
3983 6281 4
5154 621 1
3018 4009 4
7983 685 4
1758 3821 2
2581 1627 2
7922 2988 3
5748 1540 4
5036 7649 4
7465 3406 2
2143 1540 3
7944 7113 2
941 3855 1
6894 5422 2
6947 6278 1
291 5168 1
5112 887 1
6791 5152 2
5689 633 2
4079 6942 1
2010 1993 1
2252 3992 3
122 8014 3
5913 6356 4
1047 2662 1
3606 5713 3
4559 3504 2
6472 7079 1
5732 6079 4
5516 533 1
1662 1612 3
3248 2625 4
5828 2032 3
3993 1853 2
5051 3613 2
2917 3367 1
7096 7159 2
397 6944 4
8108 1513 3
5328 4368 2
6210 4891 1
1990 2744 4
860 7068 2
3838 3950 3
2078 55 2
4829 1673 3
3932 4763 2
5641 1083 1
6854 5991 2
1925 2979 4
3169 3028 3
4186 5683 1
5116 1206 4
7856 4343 4
6741 2824 3
2054 5717 3
7124 8007 4
3599 1646 4
6226 4505 2
7481 3822 2
1695 6788 2
8135 7569 3
4250 1997 2
6384 6793 1
1652 567 3
6079 4666 1
4492 996 2
3881 5978 1
6059 1117 1
1737 7375 1
4352 2178 4
328 5639 3
3135 760 1
5490 5186 2
5984 246 1
7118 3906 4
232 3149 4
5060 5007 4
977 4888 4
4858 3387 1
3980 3089 4
7649 7048 3
6004 5576 1
7894 182 2
4088 7408 2
628 6784 3
5860 3165 1
2771 1531 1
7371 2609 3
4447 2226 2
4660 2849 2
4370 630 3
4051 3065 4
1596 5918 2
3614 5742 4
5901 4858 3
7334 1688 4
4386 1083 4
4269 3599 4
5891 917 1
5065 5975 4
1705 7830 2
1954 4244 3
3858 5079 2
7022 1279 2
4026 5732 3
69 3097 2
3996 438 4
1038 3796 4
627 6834 3
4115 2020 1
6786 4180 2
1322 7345 2
7053 3980 2
4447 1443 4
6302 5267 2
1484 3496 1
1257 6585 3
880 6928 4
2509 7934 3
8109 7923 1
2646 5392 1
5697 1661 1
8110 2412 1
5116 7776 1
5830 843 3
898 664 1
1452 7191 4
37 7500 1
7611 4611 3
7797 2006 3
4544 6445 2
3101 992 2
1879 5235 3
3180 2707 3
4960 4860 4
3135 2512 2
4227 6546 1
1069 4873 1
6410 2891 2
696 2832 3
4335 3997 1
5375 1962 1
7032 2470 1
4835 7171 4
4912 7592 3
6257 5017 3
6987 7597 2
5471 4090 1
709 5719 1
961 4501 2
6296 6705 4
4800 2241 2
7507 7390 1
2016 5544 3
3296 6446 1
5733 7648 1
4160 502 4
6770 5485 1
6056 5689 1
7872 7199 2
3963 7097 4
6440 4757 4
1819 928 3
2074 3587 4
4572 2456 2
984 6392 2
2213 4425 2
2453 5486 1
6391 1199 1
2344 6829 4
3149 3181 4
5047 513 4
7710 1168 3
7453 7676 3
2063 7038 3
7027 622 4
5855 2472 3
7094 4450 3
7434 996 4
6265 3546 4
277 1893 2
4978 2599 2
5680 5294 3
5779 5688 1
5047 2836 3
1032 3555 2
578 5025 3
2914 2204 1
1384 3550 3
5148 5311 1
7202 2409 1
7056 3102 4
6025 2242 4
4602 7588 3
4816 5017 1
4618 1406 1
4083 3401 3
6520 2954 3
1147 7626 3
7466 546 3
3475 6799 1
2224 1243 3
3034 5746 2
2503 609 1
1179 2042 3
4607 1825 4
3196 211 3
1736 1777 4
1887 5425 2
4771 3601 2
5525 230 2
8085 3956 2
1128 7951 4
7409 232 2
1771 3448 4
4637 4557 3
6975 6667 1
7560 1605 1
6855 6706 1
4897 6790 2
4856 2315 1
3844 104 2
5842 5264 2
2137 5057 3
7043 1628 3
745 3555 4
7837 8050 3
3789 7264 2
5583 6343 1
3362 6775 4
5407 1879 1
3226 5443 4
1992 7512 3
6715 2774 2
7001 2595 2
6702 7573 2
1626 3779 1
3793 4435 3
545 1156 2
6133 1832 2
4229 6446 2
3853 6942 1
6253 1319 3
8030 5798 2
2591 2070 2
3743 849 4
7474 3906 2
6044 3458 3
2849 1023 3
7448 2010 1
1664 671 4
7062 3141 4
6599 8099 2
4447 8064 1
5695 2605 4
3033 2920 2
7937 5896 1
3110 2936 1
6526 447 4
5807 1347 2
3555 5277 3
6008 4432 1
5295 1179 3
2154 5231 4
6096 3136 2
1286 136 2
1289 5332 2
1575 1341 4
7896 6295 3
4650 6093 3
404 7711 4
8157 2297 1
4270 4387 1
5738 7058 2
1420 1018 3
948 4978 4
6765 943 3
5943 2173 2
2032 7568 3
7274 1807 2
4022 1860 1
5437 7828 4
2825 3192 3
7679 1400 4
4608 3515 4
6062 2141 3
1284 2628 3
7805 4107 2
2359 1063 4
822 6217 3
5955 3957 3
6267 8073 1
3107 2443 4
6978 528 3
7569 3095 1
2663 3494 4
7879 3955 1
754 1449 3
828 6092 1
2395 6946 2
5474 3260 2
1924 5975 4
2937 1131 4
769 7728 3
3779 1538 2
2079 4173 4
5084 2971 2
4809 3219 4
3 6700 2
7864 5800 2
2801 447 1
461 6396 3
3552 3866 2
2791 7470 2
1932 4610 4
7595 1829 4
82 3834 4
7044 3827 1
152 1204 2
8019 3065 2
5830 674 4
8172 980 1
5848 6741 4
7848 426 1
3308 1415 4
730 2936 1
1196 6553 4
5963 1295 2
6259 4094 3
1872 2455 4
3197 3269 1
940 3200 1
6144 2192 1
8032 3998 4
3048 1184 4
2533 66 4
2600 3390 4
4343 2518 2
3126 4226 2
4469 5925 3
4248 1358 4
2926 5428 3
5250 5711 1
7161 7101 2
7723 7647 1
3757 295 1
3344 6720 3
3156 786 4
1486 7170 1
2393 1156 4
3921 6018 2
4812 2402 1
5313 6953 2
1014 248 4
1509 335 2
6076 6952 2
5046 5525 3
5924 5285 3
1390 4838 3
4328 6079 1
4484 5384 2
4007 5239 3
2466 5091 4
5188 5680 4
3643 801 3
6552 6355 4
5930 4398 4
4870 5942 3
8174 1803 2
4839 6908 1
4717 7970 2
3761 5329 4
7709 4026 4
1299 4538 3
4214 2107 1
4385 6135 2
8196 5135 4
443 6805 2
3281 953 3
6598 7097 3
2725 4717 1
6889 7671 3
7886 5120 1
2789 2114 2
7730 7137 3
3451 523 2
5258 7851 1
6020 6199 4
1762 6794 1
7009 7981 4
8028 6199 3
5975 3753 4
4413 920 4
3351 390 3
5305 1292 4
6290 6356 3
4262 996 4
2472 127 2
4437 641 3
6145 3704 2
1991 6252 4
7037 2819 4
6061 5992 1
4934 2087 3
6884 2264 2
4984 721 4
1292 5188 2
489 1579 2
1213 2548 2
1750 1049 2
7593 5110 3
2420 4194 2
7538 7252 3
6715 5467 2
4781 5438 4
5012 1455 1
7251 2794 2
3645 4006 1
7692 7959 3
7529 3168 1
6343 5694 3
5327 2289 3
4695 4969 3
7008 6773 1
8114 6450 2
902 1595 3
1874 5947 1
3429 835 4
1815 3594 3
3474 3781 2
6290 2383 1
1575 2329 3
595 874 2
4775 715 1
4230 2341 3
809 5474 3
3088 2381 4
2386 1162 4
6106 2729 3
4926 5889 1
7424 156 1
1671 6347 1
1662 3528 2
3135 6448 1
2370 5452 2
5317 648 1
4784 3696 2
7270 354 1
2893 540 1
726 1476 4
2975 1639 2
6154 3815 4
4328 4802 2
1275 3278 4
6369 7708 1
5827 1896 2
3493 261 1
361 4956 3
4142 1401 2
3990 2599 4
1990 1705 2
6343 6571 2
7880 5134 1
4629 4994 4
3675 1761 4
1157 7998 2
5395 5524 4
4051 1927 3
982 4717 3
4043 6482 3
3344 2193 2
5360 1654 2
5977 3123 3
6937 4623 1
8023 3120 4
1718 2850 2
3263 4163 1
1002 516 1
5365 5597 3
3054 3045 4
2035 2026 3
445 3866 3
642 7210 4
6386 7888 4
3201 7026 1
2146 5779 1
7637 3313 2
1272 4751 4
188 5733 1
8080 3335 3
8057 4251 4
4557 8022 1
2937 260 2
3357 4215 1
3202 4062 1
3211 4145 1
6769 2174 1
6831 1468 4
112 5525 1
7193 5899 3
3209 5230 4
2882 6390 1
1987 8051 3
1727 6763 1
2248 635 2
5393 3425 1
5749 1569 2
6047 6344 4
2510 7335 2
2189 4570 2
2649 2984 4
7067 6416 4
1847 3843 1
3537 3579 4
6349 7366 2
5784 7325 3
7158 1015 3
3261 2274 3
1176 7875 3
7423 4086 4
1716 5764 2
7494 5572 1
4329 6059 2
85 5146 1
3146 5764 4
4454 210 4
1201 5735 3
5299 1392 1
2494 5599 3
6432 4434 4
8159 1445 2
1522 1884 2
5643 2997 4
1376 2860 4
5013 2701 1
6485 198 3
6854 7080 2
388 3286 4
3598 2285 2
899 2447 4
1568 3230 1
5859 7185 1
7418 1759 1
7571 2871 4
4500 4045 3
2961 193 2
3341 1457 4
4236 6718 3
4325 7536 1
2120 5873 2
3818 5439 2
3316 1823 4
3796 1651 1
7186 5434 2
7136 68 1
3608 6244 1
1670 8052 4
5057 4332 3
4130 4355 2
4100 1474 3
7565 4523 2
4814 350 4
2409 8147 4
246 3744 2
3531 7876 3
6465 4165 2
3257 996 1
7321 3142 3
4310 3963 1
2690 1425 3
5041 2225 2
1241 329 4
102 1179 3
5914 3372 2
6005 1239 1
389 1620 3
5517 1287 1
4987 7703 3
309 2405 3
4818 1790 4
2572 1315 4
6302 4781 3
4370 4483 1
4872 559 4
4924 6674 3
5232 396 3
8081 5852 1
6553 7186 4
3696 5353 3
3733 55 3
7044 7555 1
2945 3292 4
7265 7080 1
3357 7628 2
2262 6717 4
6122 3674 4
4565 1023 4
1569 711 2
458 7695 2
402 2681 4
3121 4832 4
3248 3622 1
3205 603 4
1962 2884 3
3722 3555 2
4285 5012 3
6575 5154 1
3911 1256 1
7643 2294 2
5860 4693 1
5162 1338 4
5263 4503 2
7583 3759 3
3143 166 2
7836 3073 4
41 4209 3
4526 241 1
6458 7120 4
7294 1976 4
5473 7345 2
2779 8149 4
4019 3843 1
2219 6060 4
6990 7270 2
6728 93 1
7990 5547 2
3243 5876 2
7973 8025 3
1913 216 1
5969 5902 4
4512 1015 1
2218 5107 2
5958 5782 3
1566 4068 2
8180 2421 4
7190 5804 1
3354 3151 2
5555 6547 3
7971 3897 1
1433 5935 4
458 6523 4
2463 2912 4
645 7834 4
7998 21 2
184 5695 3
1647 2442 1
7403 1781 4
6209 5699 2
4160 6180 3
6694 7488 2
3812 1621 2
641 4340 2
3180 5587 3
8163 3866 1
3010 2300 1
1509 3320 4
2700 7208 2
2112 6441 2
8029 109 4
6210 3753 1
6216 2991 1
1230 7247 1
5749 5499 1
5276 1979 3
6961 457 4
1245 5353 2
2121 6828 1
964 8048 3
8001 711 4
4669 297 3
7708 107 4
2852 7840 2
2102 5094 1
1632 7159 1
2061 574 2
799 4049 2
1553 2409 2
6057 6729 3
2131 1689 2
7599 4195 2
6661 4476 4
2774 3443 2
6280 2428 3
7747 1509 1
963 7901 1
5666 3062 2
5740 794 1
1309 1080 4
3173 3335 1
2587 5239 4
5120 73 4
1706 3435 3
3652 3950 1
7863 3245 1
6114 7748 3
7444 6123 1
400 272 3
7900 299 3
471 7468 2
1805 7544 2
3573 3075 2
7159 8168 4
2146 2358 1
1907 7648 2
4807 2506 2
2439 7975 1
4820 6240 4
2358 6738 4
6556 7344 4
2198 3014 2
4945 120 1
3341 1884 2
3428 5888 3
1566 4529 4
3893 5569 4
4509 7312 2
811 1484 3
6044 7801 4
6825 5514 3
2317 4403 2
6797 2667 4
6594 4109 1
5934 2936 4
4810 2513 1
4610 185 2
6623 2712 1
2407 7051 3
7818 5045 1
4599 6461 1
7343 169 3
7457 3676 3
3802 5083 4
928 1304 1
6474 2568 3
3055 513 2
1379 8028 4
7588 323 4
782 5119 3
5663 1632 3
2966 1775 1
2261 1198 2
6362 1316 4
6448 5155 2
3382 5433 3
8125 4780 3
3646 1108 2
3081 99 3
1595 4304 4
4866 6816 4
3409 941 4
1582 5576 1
4964 6628 1
4285 3551 3
6146 2394 4
3796 6588 3
5906 2317 3
5081 153 4
3419 4064 4
5397 978 3
1030 824 4
3477 226 4
5492 7242 2
7203 5383 2
590 6665 2
1172 5666 2
2328 468 2
2115 5261 4
4668 5300 3
5644 3181 4
1326 817 1
3939 951 2
2384 5412 1
4023 3550 3
4789 3698 4
5111 5627 4
3913 7463 1
3856 7750 2
1199 284 4
115 6158 2
3953 4510 1
2030 7546 2
5246 1319 2
3033 4946 1
5342 3690 1
2263 7485 2
2185 1941 1
6816 2127 2
2204 84 2
1000 3909 4
1373 7889 1
3895 6579 4
1915 5626 2
4537 1834 3
4061 6620 4
2289 3672 1
1919 4374 2
400 4902 4
4470 231 4
7025 3394 3
1929 3621 1
3448 8089 2
4591 5983 4
6636 4654 3
2070 4555 3
1136 5030 1
6431 4210 1
4864 4486 2
7748 2079 4
4595 5924 4
7520 5714 2
5924 597 1
6223 2643 4
6859 7706 2
7072 5459 2
879 4732 1
2343 2226 4
3043 2110 1
782 1386 1
6912 988 1
993 6632 4
1413 5942 3
3040 3356 2
3073 181 3
5119 6728 2
5292 3939 3
1610 1645 2
1689 6607 4
8151 1379 2
6285 476 3
5608 6718 4
6168 7791 1
970 2639 4
4084 2764 2
692 8083 4
3135 6012 1
7677 6282 2
6723 416 3
1333 4163 3
4748 7137 3
4375 7679 3
4261 5718 2
4745 7325 4
3579 1109 3
3287 6570 3
1928 3850 2
2624 769 4
1983 4657 2
7933 4814 1
7022 7207 2
5681 5067 4
2279 6727 2
7649 2309 4
7112 6814 1
6137 5387 3
3830 5583 2
414 5232 1
5074 4678 4
3907 122 1
1116 3738 2
5564 6851 4
7845 3374 3
4899 4025 3
2386 261 2
5404 2353 4
1839 477 3
73 4975 1
7492 2427 1
53 6147 2
6069 6290 4
4333 5923 1
7012 7480 3
1650 287 2
2732 4242 2
1533 3008 3
5269 2687 2
7965 7482 3
4572 5790 4
274 3405 4
4505 5749 4
5595 4925 3
1163 7385 1
355 5571 3
7711 6962 3
7918 4387 3
3158 3054 4
6606 2767 3
5486 4377 3
3042 5208 1
4207 6412 3
5424 1020 2
2563 7005 3
2323 5398 1
2196 4394 2
245 5371 3
3165 3916 4
8041 7253 3
3934 4943 3
3750 1697 4
4494 685 1
6419 976 4
1128 4283 1
7225 7067 1
2378 3654 1
5950 5602 1
1451 8047 3
4327 6862 3
829 5997 2
6959 4916 1
3014 629 2
3973 265 4
317 3027 3
6946 3103 3
4369 1532 3
2442 4769 1
5994 4985 4
8085 3613 2
5757 3509 4
7815 7883 3
5596 1888 3
6773 4761 3
5959 2341 4
5833 2374 2
6833 8037 2
5029 5676 2
3397 6490 1
8182 4237 2
5173 686 1
6397 131 4
740 6766 2
1613 5173 1
7900 741 1
4037 4703 2
5222 2106 1
6564 1460 3
5449 7833 3
6879 5383 2
1808 1843 3
4759 4242 3
4111 3276 2
1684 1690 3
5833 6309 4
243 7789 1
5198 4410 3
6797 2389 4
5568 5271 1
3117 6044 2
6600 8185 2
6572 2477 1
2158 1733 4
5718 3647 4
7216 7801 4
2475 5693 2
6899 3640 4
2287 777 3
3655 3481 3
4320 6833 3
3598 4901 3
4015 2081 2
3043 8039 3
5643 1452 1
6559 4021 1
3528 3402 2
7967 7789 4
3165 5525 3
4633 3582 2
844 1952 1
448 426 3
7261 7925 1
4350 5596 4
3436 7403 2
8061 8125 1
1258 1112 1
7117 6629 3
4892 7167 1
3001 2854 2
8051 7390 4
5985 2155 4
4316 2790 1
5141 7488 4
5925 157 2
6591 2641 2
6563 6976 3
4378 6193 2
5531 5401 4
1439 2405 3
48 1029 3
5423 3971 2
3929 6889 3
3628 4825 1
5748 5499 2
1579 8103 1
574 2316 2
7689 2764 4
6780 4223 1
5968 5453 3
6774 7945 2
780 7337 2
5872 3763 2
4314 3974 4
3407 7952 2
2387 59 4
5499 3589 1
4776 6387 3
1861 4620 3
6370 732 1
7743 3564 4
344 7811 2
4638 6081 4
1831 1976 2
8040 7561 4
772 6921 1
4320 5717 3
6992 594 2
1974 1704 1
7779 4615 1
344 3609 4
241 7621 3
2785 4003 3
375 5740 4
7178 7219 3
1149 786 3
1978 2162 2
4663 4798 3
165 3409 3
1471 7272 3
3275 4867 3
523 298 3
915 5669 1
7173 777 4
143 942 3
286 3948 2
5648 5794 1
1068 5918 2
4725 1192 4
5481 7222 4
5545 3615 4
1545 1904 3
1389 6302 2
3503 2929 4
2358 6549 2
3387 2904 1
4483 7464 4
5377 3130 1
169 6823 2
7897 4208 4
6449 4686 4
4449 5885 4
5165 6112 1
6069 1967 2
479 261 1
7690 1874 1
2595 1248 3
3507 3459 1
7003 7396 2
3360 7579 1
2068 1246 1
6973 962 1
2760 970 3
7083 7523 1
666 4756 3
3520 7065 3
6608 5296 3
6405 3437 1
6829 3147 1
6198 1736 2
6022 6391 1
5388 928 3
4111 1693 1
1108 4783 1
4050 2778 3
2012 2067 2
6115 4290 1
893 2660 3
3017 6719 2
2097 5896 1
1278 8096 2
7377 6907 2
39 523 2
1695 5834 3
2393 5863 2
89 1008 4
348 7457 3
3878 3948 2
5999 1651 3
4987 5494 3
3458 7991 3
8013 7569 2
3583 3878 2
1366 5230 1
8052 2806 1
2215 4887 3
7073 3408 4
114 5357 4
2670 6008 1
7300 432 1
1805 5393 4
5008 4170 1
7377 2376 3
6925 2367 2
758 7557 2
3771 3581 3
1601 3005 1
6642 1067 3
2591 6375 1
4727 5786 4
1860 4433 1
1640 7247 2
5567 7085 3
8029 5370 1
6864 5561 1
7970 143 2
6896 3833 4
2165 2055 3
2346 1587 4
1958 3739 4
5888 3770 3
201 7429 1
3385 2333 2
4912 6729 3
3970 532 4
4878 2059 4
7452 5174 2
6173 7567 2
5904 2023 3
728 1070 3
895 6077 3
5343 5279 4
1983 286 2
436 3613 2
4096 4639 3
12 7919 1
2243 1118 2
7657 6310 3
137 302 3
5554 7479 4
6380 3291 4
776 8110 4
5064 4758 4
2862 7154 4
1941 4948 4
5832 5041 1
1610 3456 2
2860 2061 2
5639 5472 1
2974 3321 1
1700 5099 2
2248 7107 3
815 3260 3
7653 1346 2
7767 4514 3
381 6180 3
581 3095 2
6453 1722 4
5212 6165 2
3944 1581 2
6158 1790 1
6619 7939 1
6275 1332 2
1343 5630 4
7486 2711 3
8056 5132 2
2856 4786 2
1778 1328 4
7597 848 4
373 3732 4
3872 3958 1
7602 6712 4
3309 6603 2
6138 6175 4
4867 5330 4
1764 4181 1
4355 2654 2
839 324 2
7232 6744 1
1632 122 2
7084 2493 3
4357 5600 3
2309 3005 4
350 1534 4
3531 1910 1
1686 2291 3
3966 2143 3
5871 3760 4
6782 5325 4
979 7142 4
8115 3486 3
2710 99 3
3015 6259 2
3529 6616 2
4465 3368 2
5731 5299 4
4050 4950 1
403 3994 4
2147 3749 1
767 3025 4
8101 4620 2
4033 7228 2
2367 1191 1
5409 1875 1
6634 6197 2
3942 684 4
2740 8032 4
709 3216 4
2022 130 4
438 646 4
6280 5447 2
637 8033 1
3285 4512 3
533 7324 2
7443 4638 2
5832 573 2
6291 5147 3
3123 6355 3
2822 7023 3
2966 50 2
7984 5165 4
24 2142 2
5729 5344 1
5705 2141 4
1526 7934 1
5675 7587 4
6993 557 2
5563 7583 4
6187 2317 3
4824 7185 3
5837 8074 3
6885 4017 1
457 7782 1
5284 3731 1
4496 1111 4
5342 4602 3
8020 3735 1
4182 4509 1
1362 2593 1
4107 4291 4
6699 4951 2
1755 5476 2
6542 4123 1
7900 3948 2
5943 254 2
5156 7064 4
8032 5918 4
2283 3074 2
7246 5725 2
1317 7608 4
6199 6631 1
3662 1894 3
1334 7104 4
1951 6403 4
6935 1676 1
4632 3118 1
4901 2868 2
699 7690 2
6392 5278 1
955 7841 1
5232 6241 2
7498 1792 3
5493 5034 2
4507 4795 3
3212 6528 1
6828 639 2
3676 1989 3
3599 2514 1
7067 1171 3
7079 781 3
4189 7465 2
6003 5994 1
2397 2820 1
6608 5249 3
3926 1846 2
7225 7433 1
3415 7072 3
2754 2442 3
206 5138 1
5644 6587 1
748 2995 2
7418 1779 1
7007 5446 1
4300 1216 4
7797 7099 3
252 4616 2
6603 1874 4
7194 3134 1
814 1113 1
6881 2870 1
1452 3035 1
7752 2549 1
2078 4653 1
4927 6101 1
1665 262 2
7606 6573 1
4167 393 2
2795 2883 3
7605 3809 3
2262 6918 3
3569 6728 1
6346 7781 4
7138 7726 2
4746 6533 3
2783 7009 1
2973 8011 3
2562 6891 3
5576 3069 3
7574 4058 2
1541 4090 2
2315 5459 2
6714 2428 3
4902 2560 2
8171 1535 3
138 3206 3
1641 4881 2
5499 5407 3
6716 7752 2
1561 4266 4
6392 1548 3
845 8043 2
3464 4019 4
2336 5172 4
738 6827 3
1169 1436 3
4277 1564 2
428 1438 3
240 1535 3
1219 1668 4
2372 2382 4
7260 6412 1
6421 4234 2
2962 7744 2
513 2666 1
2297 5822 1
6141 5054 1
3124 5229 2
5348 7559 1
1254 6245 1
3470 7978 1
661 4447 3
3926 5716 3
4120 2289 3
4824 299 2
7828 590 4
4945 4040 2
2895 7730 3
6970 1607 2
3341 6703 3
1011 5496 4
6047 4264 3
4588 5515 2
7637 610 2
5905 2175 1
2878 6669 1
6635 708 1
7154 2813 2
4363 917 1
7788 1438 1
3643 2692 1
2989 7379 4
5691 3219 2
6100 701 3
6597 3726 2
1738 2383 4
2839 2666 1
4340 550 1
3847 1987 1
3343 856 2
7476 1564 2
4037 3903 4
4266 3341 3
6748 1980 1
2774 2162 4
5628 7540 4
3786 1167 4
7053 4260 1
7706 1370 2
5229 3993 4
1721 6183 2
7898 4954 4
4255 4266 1
2765 6457 4
2810 3115 2
7271 2916 3
1474 6386 3
5277 1424 2
3613 3696 1
744 2251 3
3285 5219 4
4070 5307 3
3416 6672 3
7697 6159 3
1370 3739 1
7147 8101 1
1026 5827 2
4126 7429 2
6372 7991 1
7890 3832 3
6415 5503 1
1302 3180 4
1162 6390 3
4530 587 3
400 3625 3
5553 3461 3
6110 4329 1
2250 6402 1
8194 347 2
2041 3840 1
8081 2929 1
8147 1217 1
3170 3355 4
5683 3930 3
4834 5474 4
91 113 4
5929 4021 3
2691 860 3
3363 2649 1
7526 4063 3
3366 371 4
2485 2572 3
3072 4795 3
4307 4712 1
5225 4229 3
6178 3850 3
5334 5806 3
5746 2376 3
2570 1805 1
4717 1779 1
4786 6272 3
4187 1279 3
5065 4081 2
2980 6023 4
6424 1376 2
5189 2159 3
80 3836 4
1198 538 3
8137 1878 4
3836 7593 1
6945 5587 2
3449 1085 2
2655 2544 1
1705 6538 3
4232 4007 4
267 3780 4
7373 7150 2
1557 5593 1
6862 792 3
6620 1027 3
1258 3841 2
6567 2866 4
1158 3257 2
3676 7371 2
3221 5537 1
6113 1604 4
1887 7222 1
4551 4771 1
7355 3989 4
382 7452 3
1340 372 1
3973 2454 2
2143 582 1
4754 2669 4
5699 2564 3
2781 1555 3
5014 5567 2
5450 6577 3
4936 4654 3
6399 7024 2
3836 2923 3
3767 3850 2
1997 6848 4
3508 5453 4
6967 3673 2
3533 3134 1
5924 1921 3
5273 4524 1
6945 2628 2
4642 4039 1
600 5562 4
6983 6553 1
8105 1421 1
5144 7293 4
1134 7068 1
682 6495 2
3128 74 4
30 2925 4
4422 766 3
2145 322 4
6378 2225 3
3843 245 4
4348 4143 3
4007 5966 3
4952 3717 3
6376 2837 2
4552 6546 3
5913 8097 4
7915 7633 3
687 2415 4
7968 1965 2
2931 231 4
6430 5574 3
7703 4108 4
4659 4435 4
6197 3044 3
8080 6139 2
5776 2299 3
634 831 4
1653 3851 1
3052 7161 3
5290 6001 3
5829 3454 3
3416 4500 2
3124 4785 3
1052 3401 4
90 6981 3
868 3032 3
1738 2814 1
1503 1439 2
1412 4906 2
5097 8177 3
2397 5402 3
5630 4565 4
5715 4713 3
5715 1001 3
5185 7016 1
6491 7298 4
6187 2141 3
4243 6020 3
6098 5413 1
4256 6003 1
3395 62 4
5821 1156 4
3472 863 3
4588 6438 3
747 7068 4
4752 2147 3
2613 7917 4
6512 1144 1
6141 2401 4
4516 2594 1
6067 7409 4
4264 780 3
3043 5373 3
533 7474 2
1283 1644 4
209 1416 4
6863 519 3
7154 1743 4
2386 2174 1
1814 1482 2
1228 3197 1
2249 4496 3
296 4676 2
7159 7781 3
6687 2384 1
2570 4616 4
3350 6102 2
134 6346 3
2674 6059 3
5667 7559 1
1007 6644 4
6844 3122 2
4301 5674 3
1927 6396 4
4264 6962 4
1891 415 2
7888 7440 3
5320 2037 2
780 5711 3
2033 4176 3
4068 4731 2
5718 7952 3
5530 4500 4
4965 4621 3
4357 4874 2
7957 4661 2
6815 6738 4
6589 5158 4
5157 5176 4
7881 4959 4
7227 3153 1
6443 2942 2
5668 6905 4
3164 7298 1
8010 6722 4
1287 5183 1
3407 4472 4
2658 1388 1
7207 8196 3
3245 7347 2
7967 4852 3
8054 3519 3
2447 792 4
5032 2012 1
2203 1305 2
3598 4418 1
7365 4420 4
7410 2713 4
554 335 2
525 5643 1
3122 4108 3
536 4492 3
3875 7942 3
6859 4712 4
2467 5766 3
5013 2778 1
2605 5177 4
4767 7138 1
5905 2953 3
4950 2131 2
864 37 1
1674 2254 1
8009 4290 3
5980 5770 3
5985 5187 4
1984 1120 3
3105 4413 2
6870 2841 1
6992 1504 1
2284 5533 1
6101 1981 4
7703 5318 4
8134 7349 2
7923 5661 1
7669 3606 3
4880 1688 1
523 7866 2
1237 5571 4
7873 7111 3
5921 7228 4
3006 2139 3
2236 391 1
1402 3959 1
100 2169 3
4538 3771 1
4519 7689 4
7555 640 4
6192 4584 3
3765 7349 1
6167 7518 3
817 3078 2
7694 2965 2
580 3852 4
2900 1284 1
213 2719 2
8114 1915 1
2717 3985 2
537 5550 4
3027 7896 4
5382 1261 4
6422 7096 1
7701 2108 1
7262 5248 2
3297 3412 2
595 1822 4
6605 1025 3
5845 1451 1
3435 536 1
5053 400 4
6822 7285 4
5411 3257 3
1691 1042 1
5757 6694 4
3626 7658 4
5695 472 3
4108 2003 3
1301 7856 4
7280 3966 3
5108 3929 3
1206 617 4
5057 4567 3
5105 3199 3
5511 4801 4
857 1500 1
5555 1868 3
2823 6650 3
6508 5641 3
6407 5930 1
6065 3278 4
5562 7543 3
2683 6662 1
2528 1101 4
4999 6401 1
6611 6946 3
2492 1476 2
5721 1005 2
4996 4156 2
3781 7114 4
1773 2226 4
5295 2478 2
2612 7182 3
5053 5213 3
7481 8008 3
855 7136 4
8062 6063 4
542 3554 4
1231 1475 1
3958 1094 2
828 785 3
6523 5717 3
2683 93 1
2596 1622 3
3015 7511 1
3145 6152 3
49 7827 4
7338 2030 4
6419 4286 2
8166 1731 4
3340 7911 3
347 2093 3
4583 8159 1
1218 955 4
7173 867 3
6848 3024 4
1129 35 3
258 4798 3
3157 1635 2
1172 5998 1
2690 2820 4
5927 6036 2
7001 280 3
4132 2710 1
3876 7024 2
5436 203 4
7748 2432 2
4027 3997 4
5447 7285 2
5174 7283 2
5218 3148 4
6351 1975 3
2966 3607 4
3290 543 2
836 4496 1
3882 4392 3
6803 987 2
4388 8176 2
3080 3594 2
1804 2206 4
3206 6446 4
5319 5595 2
5693 7709 4
6348 1671 2
260 1999 4
415 5367 2
4875 6799 1
1692 2013 4
4365 2185 2
6477 7806 3
526 7702 3
4064 1397 4
2713 2122 4
5099 1431 2
6841 2724 3
6106 1962 3
991 3422 1
5052 1996 4
2316 235 4
1225 4642 4
5131 6416 1
5834 6352 2
6417 4779 4
6707 5949 1
2431 4792 4
3085 3294 2
5420 6184 4
1012 2918 3
1784 6149 2
1054 2478 1
4745 4864 2
2327 2422 3
4341 7305 4
1117 4655 2
8169 7857 4
714 3594 3
428 5183 3
5324 6941 3
5839 3895 3
5335 2595 3
4334 6501 4
867 981 2
6144 4732 3
18 7746 4
4872 7706 1
2719 8160 1
1426 2496 4
3657 2795 2
6660 504 2
7311 5148 3
4789 2983 4
2940 3278 1
6970 6062 4
555 7101 3
3922 3139 3
7956 6054 1
6678 4174 2
2074 4065 2
7821 7476 3
2825 2815 3
4658 6961 2
1998 1575 3
6026 72 3
149 7972 2
4165 4218 2
7098 4154 3
5906 1290 2
7183 6655 3
6881 4117 4
5239 475 2
2516 1912 2
7641 6688 4
2468 7611 1
3513 5231 2
5448 3457 2
2822 1528 1
7950 1175 4
4505 7472 4
1575 1990 3
4963 1986 3
6513 872 1
7529 2455 1
870 4329 2
938 880 3
434 3598 1
4692 1945 4
5953 7798 2
1333 5856 4
4216 3736 1
607 4677 4
8009 4817 1
4642 4532 4
2275 2188 4
1815 7065 1
7415 1088 2
2347 7028 1
4496 722 1
2697 1213 4
7454 1346 3
1144 3671 4
6849 472 3
2869 2427 3
1682 2741 2
7217 3387 1
8079 287 3
6938 3148 4
548 2835 2
602 3942 2
427 7055 2
2523 2454 1
1016 6138 2
548 537 3
5991 1911 3
986 925 3
4532 1071 4
4761 3355 3
1307 1765 4
5146 3448 3
969 5518 3
1643 3309 1
499 3463 2
8007 4383 2
1201 171 1
4677 4686 1
1002 1576 1
3892 1631 4
4715 1781 3
5893 2450 1
1007 4022 3
164 3377 2
2112 7126 1
4485 6424 3
5865 2412 4
7549 593 2
2416 4313 2
4920 2640 4
2418 1378 2
48 3400 4
6861 4647 3
2311 3471 3
2031 3578 4
4402 4886 1
4100 5840 1
6405 6853 4
6657 6472 2
1034 3607 1
8118 6571 3
2409 5322 1
5894 5184 2
3480 5147 4
769 1276 3
6767 2103 2
3149 7048 1
1797 3549 2
7655 3292 1
6752 3248 2
491 2485 2
4980 2877 3
1165 6717 1
5063 5129 1
4609 151 2
277 2602 4
751 1465 4
663 7144 1
3000 4479 1
6964 3608 3
1968 5123 4
3951 1603 1
2426 5816 4
4782 3285 4
1504 424 1
4418 3565 2
3505 8186 4
5962 1441 3
7748 2308 3
4980 5557 2
4705 2424 4
4835 2930 3
4376 444 2
7673 6736 3
426 171 1
6445 1130 2
7068 4083 3
3158 7624 2
3737 6661 4
1077 1827 1
939 1720 3
7135 3537 2
4853 5498 2
862 7178 3
2119 4887 4
6047 4570 3
3815 4457 3
3156 1440 4
3282 4366 3
4709 4358 2
343 5917 3
1570 1837 3
7497 6612 4
2933 2260 4
3245 7989 2
5127 1338 4
1206 6511 3
743 7201 1
55 4130 2
2729 1824 3
507 7940 4
6392 2853 3
2634 1970 3
7213 863 3
7245 1118 3
2873 6095 3
3855 4858 2
19 4849 4
7987 1208 3
7288 753 3
4130 7232 2
2619 3781 3
7926 2498 3
2905 8162 4
7076 1709 3
6075 1041 1
2734 6593 2
2773 1289 1
2003 4678 3
4233 3216 1
3570 7190 1
4817 5029 3
8193 1381 2
276 6844 1
1375 5289 1
3628 1351 1
7726 6460 3
2621 5258 2
4037 3901 1
4771 8126 4
5888 1031 3
4502 4371 1
3468 1953 1
8017 4985 3
1459 3949 2
7139 779 4
2535 6344 1
6420 7145 1
5580 1979 2
4210 2434 4
3436 7860 3
3507 3353 3
6620 4098 3
7832 7054 4
7210 5290 1
4648 149 4
5205 815 4
7153 978 1
7086 4835 2
1933 3823 2
4480 601 1
5848 6977 1
3362 5536 2
1429 6254 3
5465 3680 3
2706 7624 4
2932 4911 3
6991 485 3
4397 3581 4
7670 4118 1
7916 5880 3
6896 5770 3
7526 4794 4
5392 6827 1
4054 6773 2
962 2033 4
6190 3886 1
4893 793 3
1190 4943 3
4349 5278 3
3419 5017 2
3019 7668 3
492 524 1
6069 7914 1
4823 974 1
2995 5669 2
8041 5700 2
7310 1366 2
5057 2817 4
7242 2512 3
3671 2795 4
5993 4959 2
7673 2601 1
3646 5497 1
1700 724 2
2489 1021 4
7012 1135 4
5151 731 1
7223 3940 2
667 4656 4
4034 2696 4
443 4692 4
4693 8090 3
390 5621 2
5610 5254 1
1557 7072 1
5788 4818 3
3724 1599 4
6373 2520 2
7000 5703 3
860 5288 4
4718 2702 1
128 1754 2
1771 6172 1
3872 4230 1
1448 5310 2
4672 6893 2
6643 2922 3
1325 5669 4
4613 222 1
6839 1610 2
4593 7959 4
4826 6707 1
4473 472 3
8157 4592 4
5126 7073 3
571 3794 3
4830 5029 2
6688 1361 2
8032 3063 3
1906 4620 2
8013 8067 2
2266 5125 4
818 1758 3
8186 8080 2
1887 718 1
1649 2511 4
6220 4465 1
7552 2114 1
7370 3267 2
2791 6799 3
6406 4068 4
2198 2061 3
1474 8175 3
5888 6569 1
8063 3458 2
3475 4950 1
2584 828 4
7177 4481 4
5712 3849 1
4867 4391 3
7617 4458 4
1540 5439 3
1836 773 3
4449 152 2
7784 7350 4
205 4309 4
1399 5704 2
7794 1130 4
3104 2699 4
1453 7664 2
1432 35 3
2608 5281 1
7618 6466 3
4223 4601 4
7362 2929 4
4872 3100 1
2808 6561 4
2830 965 2
291 4966 3
4456 2921 3
7690 1777 2
2753 3433 4
6142 7376 3
4542 5539 4
7606 7180 2
5687 5383 3
6976 5114 3
3385 7198 1
384 6232 2
3408 2097 4
6770 7624 1
1942 4448 4
5191 5512 4
3274 641 2
1423 5363 4
7877 6135 3
8114 1090 4
2839 2751 1
1648 8002 2
5388 3812 1
283 808 4
863 6540 1
7581 944 4
1741 2327 4
1004 7229 2
2103 4472 1
5492 6808 2
7497 4708 4
6482 3963 2
133 5490 3
4524 478 3
3147 435 2
4149 3512 1
3142 342 1
5876 2926 2
5101 7331 3
6598 3030 4
2531 5839 2
614 6169 4
7285 3380 3
4817 5505 2
6642 256 2
2231 3602 4
6423 6244 4
6480 5362 2
2248 2290 4
4733 6070 1
7651 4582 1
3282 3543 4
1339 1997 3
4389 7846 3
4490 5810 3
8045 2528 3
1273 4019 2
6748 4478 1
7245 4723 1
7783 5260 1
5604 2217 2
7508 3482 1
801 60 1
6153 3324 1
620 5971 2
4215 1558 2
2750 4879 1
5189 7093 3
3819 3792 4
3640 4841 3
4575 5214 4
5567 6180 1
5754 7594 1
4437 8056 4
7311 1762 2
7208 7664 1
6462 3915 2
2001 2786 3
4465 3659 3
217 4656 2
2477 715 2
2486 3624 2
2570 1673 2
4153 1141 1
5448 2754 4
3688 6494 4
6619 1789 4
7207 7524 4
2483 4540 2
5625 4735 2
5390 4944 4
7469 7417 1
6946 6941 3
98 4075 3
4736 6895 4
252 6352 3
7046 6545 1
3074 2146 2
2080 5503 2
6898 494 3
6336 6753 4
2504 7235 2
3543 7245 2
973 1533 2
3467 6094 2
4837 4787 4
1965 65 4
5061 6840 2
4397 1308 1
3970 2348 2
4675 4379 3
6531 1874 2
7654 6033 2
2833 5433 1
7726 409 2
461 4951 1
257 1592 3
1208 2876 4
2502 6266 4
2475 494 2
4417 5394 1
7572 2014 4
1602 2197 3
303 6740 2
2120 6560 4
1530 4237 2
1372 4662 1
551 6359 3
6893 4844 1
4439 4491 1
4697 7050 1
5984 7675 1
2093 5210 2
1288 5527 3
4084 8198 1
73 4401 3
6495 5911 1
6292 439 4
417 5869 1
4305 6184 1
4775 1931 2
7492 3435 4
5948 5670 3
1777 5904 3
2089 3392 3
5498 6803 2
2005 3015 4
8112 5071 4
6980 7622 3
6971 3745 4
1690 2351 2
3762 6955 4
241 4274 3
3434 6932 1
4475 6563 1
8073 4241 2
4576 2398 3
6783 7701 4
6297 6701 2
1934 3986 4
1349 1840 1
4400 5353 4
5900 1042 3
6791 7514 4
4913 4179 1
6584 4871 2
6336 7966 1
5823 4065 4
967 6538 1
4849 6573 3
18 3740 3
6626 1516 1
95 4317 1
1362 762 1
4708 7669 4
852 2879 1
213 6637 4
308 3719 4
5655 7998 4
4557 6306 4
787 3886 4
3402 982 1
6744 7013 2
7789 1793 2
2654 5260 4
3247 4463 2
1739 8156 3
394 7536 1
2140 6023 4
5703 522 1
1532 2588 1
5313 3975 3
2749 1410 2
5116 2925 2
3046 1580 3
463 6583 3
7186 1965 1
2039 280 1
4126 3920 1
3368 3287 2
3841 117 2
5140 2632 4
5037 5069 2
4208 808 4
1783 4919 3
4501 4835 4
6483 5215 4
6390 7552 4
7218 7508 2
3673 4501 4
5971 5458 1
921 2805 2
257 4989 4
4247 3234 2
11 7233 1
5750 6523 1
3501 8131 4
5256 4912 2
341 6581 2
1617 6879 3
3533 4077 1
5526 4696 3
4805 2757 4
1084 1108 1
4063 5410 1
4468 3176 2
2530 5553 4
1938 3631 4
6980 1347 2
2023 4621 4
1156 453 4
4718 972 4
6801 1464 4
4754 4216 1
1315 6742 3
5541 4920 4
7648 6202 4
4452 2095 3
4743 7609 2
788 3599 1
1233 5541 1
7252 5828 1
891 3073 3
3850 110 2
2184 3433 4
7637 2024 2
425 8144 1
1552 2767 1
5743 7401 2
2172 6233 2
7980 173 4
4097 4315 2
3690 5000 4
4976 6565 4
965 1050 3
1476 3795 4
26 7371 2
2580 5067 2
2191 5168 4
2724 4614 3
3644 761 3
5516 6333 1
3240 4440 1
2274 8135 4
2266 4079 2
3959 2419 4
6795 1449 4
205 6085 4
4052 3796 1
3213 3624 3
4753 6392 2
4113 3633 4
594 1468 2
1678 2898 2
2437 3079 4
7709 6363 3
4898 5503 1
4887 7348 2
6448 2410 3
6170 6597 1
6209 2809 3
3380 2527 1
3310 6506 4
5784 3395 3
7526 3154 4
3560 7308 3
293 4084 3
4872 7348 4
3773 1125 3
3278 8019 4
1406 6509 2
2527 1494 3
3487 2896 2
940 7596 2
495 471 4
5225 522 2
7311 3135 2
3505 7204 1
182 6791 2
2644 4473 1
7568 3082 1
2577 6446 4
5846 2347 3
637 6557 1
2335 8028 2
2064 6962 1
68 6060 3
6928 223 1
1945 1239 2
5264 3700 3
911 4600 2
237 3744 3
1273 6508 1
67 1692 1
3690 2094 3
6406 1000 1
7839 643 2
7445 3625 2
7248 8025 1
6913 6162 2
5441 5898 3
5316 3538 1
2123 4689 2
1707 3690 2
4397 3160 3
5336 985 2
7698 6552 3
3125 3715 4
7209 3062 1
5517 3141 2
1622 7391 4
2629 1967 1
7556 7410 3
1989 4767 3
2928 2582 3
6070 5471 2
4752 2354 1
4957 6408 1
5014 1003 1
5239 8010 2
1271 6422 4
760 5494 2
5072 8132 1
2331 3564 1
1473 3440 2
3766 1896 2
4380 6754 1
6321 7061 4
4801 1391 3
6847 1031 1
2311 6414 1
5053 7704 2
7819 6059 3
6876 7959 1
1823 3007 4
2871 4420 3
2118 835 1
2478 2442 4
3085 3455 2
2259 946 2
5717 4368 1
1699 2295 4
1276 6548 1
143 4400 4
2657 8025 3
3141 5298 2
4802 7450 4
4478 628 2
5294 8158 3
4644 2135 4
5843 7166 2
3264 3125 1
1753 2595 1
3433 6255 1
1775 6929 3
443 186 4
7270 6545 4
1907 7734 3
376 1202 4
2997 1724 1
8162 3686 2
2305 6904 4
7579 464 2
6782 3783 2
6805 5595 1
5428 4075 2
1687 1436 1
3565 26 2
5439 3196 2
5532 75 3
3348 1754 3
4170 7465 2
2874 447 3
7984 149 4
1933 3162 3
3435 644 3
4485 4370 2
6291 4455 2
3659 5767 1
2849 1833 1
3623 1808 4
6250 387 2
3018 3923 2
1651 6927 4
4874 1875 2
929 5482 1
7981 995 3
1629 6951 3
560 4998 1
6702 6679 4
6354 4758 1
93 4183 4
2018 6409 3
2993 7798 3
6070 3118 4
2857 3775 3
7402 586 3
2686 237 2
5006 1311 3
3859 2739 4
308 1000 4
3833 1941 2
4898 779 2
5925 2805 1
1517 1452 2
3840 2158 2
2643 5257 4
4459 7754 1
2517 849 4
170 3013 4
6554 7765 2
6455 3973 3
6409 1140 4
2675 5936 4
2467 6680 3
811 5458 2
8160 748 2
813 790 4
3050 6485 1
3378 4510 2
7081 314 4
6935 5772 3
3386 3892 3
1148 5697 2
4896 5726 1
1241 7628 3
3616 5713 1
6181 1298 2
949 7238 4
6627 4610 2
3055 52 3
312 4561 2
6106 761 4
2090 3482 1
7484 5563 3
4033 6580 2
2122 5043 2
7459 4580 1
2517 8048 2
6293 903 1
2065 4327 2
4508 2448 1
1022 1561 2
6596 2505 1
3923 7873 3
3610 8002 4
4085 3115 2
3999 397 4
1921 2145 2
1641 515 3
6649 4544 3
1067 5851 3
2360 342 4
2423 7275 4
3885 4247 2
5285 4471 4
7586 1297 4
5734 160 4
89 3288 2
7192 1740 4
3798 7781 4
6057 1987 3
1567 3570 4
3287 2644 1
4222 4848 4
447 7802 4
3827 1878 1
6155 6609 4
4875 444 1
6374 6480 1
2036 743 2
3167 4049 2
5392 7799 4
6620 3942 4
1463 4964 2
821 2134 1
3194 8102 1
7109 2274 2
5225 3259 3
7228 512 1
184 1560 1
2457 1779 4
2068 3844 3
3554 7417 1
5215 3135 2
2413 4700 1
5336 5925 2
2223 7530 3
3656 624 4
8056 188 4
1879 3022 4
8034 6320 1
3612 1957 2
3444 3674 4
2211 7189 2
1825 5445 3
5360 4755 4
3647 3725 4
8054 7425 3
1998 4227 3
4759 1309 2
5834 4060 4
7983 1494 1
7475 3740 2
7021 4051 3
4798 7862 1
4887 4219 2
5779 4626 4
3767 5104 4
1629 1139 3
3616 128 1
7622 5015 2
4161 720 4
6802 5503 1
6057 283 1
990 3411 3
1803 3736 1
1647 6838 2
7326 1703 1
77 7418 3
2491 1736 4
469 821 4
6097 7344 4
3313 1982 1
1524 3401 4
2497 4074 4
4692 5156 4
4635 2483 3
7663 4213 3
7258 1594 2
8130 5365 3
912 2967 2
5025 2016 3
1278 4063 1
6739 6963 4
1739 177 4
1144 4903 4
2179 4320 3
1859 7646 4
2583 5426 4
2372 4296 2
4782 2637 4
6306 5898 2
7346 5735 3
3797 6810 1
7963 8049 1
3432 6262 4
128 2391 4
7387 1895 3
4398 2590 4
1195 2527 2
3665 6071 1
6074 229 2
6481 1384 3
3979 3844 1
2156 4624 2
149 7858 2
2959 3028 4
2629 4929 2
5868 1305 3
362 2285 1
2339 7268 4
7097 7319 2
5932 2708 3
1711 1082 2
6284 7375 4
8136 4331 4
2770 1976 1
634 4999 2
239 522 4
2769 272 4
415 7976 1
7796 2700 4
1610 849 2
4684 1227 1
3274 764 3
4263 1478 3
1765 634 4
2942 5555 2
6865 5215 4
3998 6191 2
6170 1626 4
7286 754 4
2794 2997 2
3181 4577 3
45 1591 1
497 3829 1
6923 2922 2
7963 5355 3
266 6533 4
6154 2084 3
8180 5933 4
1824 7672 2
3074 1586 2
5380 2610 2
4835 7436 1
6831 1615 4
5129 2548 3
1771 313 4
5752 3363 3
4637 7881 2
2478 7780 4
1513 7400 2
5407 1380 2
5480 4644 2
971 6453 4
5820 7287 4
2399 6870 4
7289 1237 3
1089 2402 1
5851 3744 2
2515 8002 1
5802 6409 2
1592 6149 4
4790 819 2
1304 4908 2
6215 2432 4
6423 4456 1
7685 1716 3
5065 2635 4
2070 4238 1
6050 3879 2
6635 6729 1
2352 1459 2
7451 1587 3
1150 1184 1
2340 6564 4
1412 6654 2
1711 7737 3
623 6845 3
3006 4232 4
5222 5385 1
3639 4454 1
1286 895 1
3846 4775 3
2603 5866 3
263 993 2
269 957 1
2013 4984 4
399 5177 1
5235 6220 2
2973 7240 2
5525 6390 1
1352 5232 2
8173 1807 4
6404 8176 3
471 3747 3
7099 7043 2
2969 7745 2
7398 3170 1
2682 7793 1
5211 4881 2
6230 1888 1
1684 5936 4
4075 5579 2
2715 2524 3
7135 4983 4
4999 2262 3
6833 4336 2
1095 2075 1
4723 3419 4
841 5575 2
6591 1349 2
879 4346 2
5000 1717 3
3352 333 4
5921 1240 2
6134 1244 3
3565 6782 2
6768 7429 2
5653 3683 3
2173 2210 1
2166 4801 2
6651 6844 3
715 6407 3
2699 6607 4
8147 5981 2
5467 6304 2
6671 1873 2
6388 1743 4
953 1158 1
414 1919 1
5286 4332 1
1928 2438 2
6012 3798 1
3014 6375 4
4442 221 4
4895 2799 4
6089 5687 1
3065 7877 1
1354 7130 2
2950 2536 3
5563 3024 1
6440 4771 4
6488 2360 3
6210 4133 1
4769 4300 2
3429 4151 4
4438 572 3
2814 3060 4
402 7004 1
61 2500 2
6557 4161 3
540 3693 3
5301 4427 3
4703 1830 2
6424 7864 4
7058 4782 2
1524 1765 3
6409 225 4
4731 4638 1
3615 4838 3
1903 7377 4
6241 45 3
4436 8149 4
8136 6210 2
2802 2451 2
7113 2454 2
7816 8149 2
6739 4954 2
3071 3254 1
2948 5203 3
5759 8100 1
1172 4496 2
2502 3296 1
6491 5421 1
828 1307 2
349 4561 1
6598 3213 3
908 5126 1
3349 1112 4
2178 6236 4
1160 5497 1
4083 4847 2
3891 5778 3
7813 3292 1
1767 2134 1
4748 4888 4
8088 5549 4
5171 3382 1
6637 1551 2
1354 1102 3
2386 1583 4
3889 8068 4
1976 4976 3
5750 6477 1
716 966 1
6881 428 4
3339 7062 4
2605 7027 2
6597 4621 1
6309 4610 1
6012 1194 4
96 3429 3
3595 69 4
2732 6954 2
4679 6690 2
5908 5797 3
6271 3225 2
7890 4357 2
7005 6378 4
3697 7356 2
5734 6741 1
5569 6537 3
1291 6240 1
3802 3137 3
652 81 3
5288 6606 1
8009 1837 3
5913 7130 4
8145 7860 1
3823 7501 2
750 4715 3
7888 3911 3
5885 6362 2
8032 476 2
3889 2653 4
1388 772 4
4899 7146 1
5564 3596 2
4666 5406 4
6234 2161 1
3264 3339 2
994 6600 1
8175 4802 1
4499 6884 4
1548 7647 2
1245 1231 3
6383 6268 4
1127 3145 1
6380 7484 1
8131 4255 4
8108 5138 4
1815 945 2
848 2539 1
917 2989 3
948 5190 2
959 3986 1
297 200 1
2021 7457 4
5437 1658 2
5185 5801 4
524 3824 4
3878 5206 2
2231 2429 3
3959 1024 1
6599 1046 3
3760 2725 3
1645 681 2
6857 5775 1
3970 5515 4
2751 2388 2
82 2854 4
3604 6838 4
1267 4425 1
5654 3335 3
8153 740 4
1237 1757 3
1218 6651 2
7112 5306 2
7983 8071 4
5091 5006 2
2558 6926 4
1370 5360 1
643 6609 2
8046 7069 1
5212 4834 4
7247 6146 2
1788 3469 2
6250 8106 3
248 5049 2
7457 1217 1
7247 1087 1
6423 7362 1
3687 2061 1
1245 5378 2
3577 7137 4
6551 5424 3
7517 5247 1
2754 6775 3
3172 6256 1
2386 7806 2
137 1453 2
2178 5558 1
1574 5673 1
3635 7696 4
854 1579 2
2245 2712 4
398 4223 4
3308 101 3
8168 6184 3
5020 314 3
8158 959 4
7876 5928 3
460 2068 3
1229 3311 1
3793 3561 3
4137 4569 3
7795 2868 2
7244 1987 2
5175 4548 2
4061 5956 1
1018 4200 4
938 3561 1
653 1218 2
5511 7414 3
4423 8169 2
7658 7614 3
2214 5327 2
4549 6072 2
3905 2846 3
6829 3702 4
4923 7667 1
7003 1494 4
1685 4156 2
1712 2577 2
4738 548 3
501 1653 2
6302 7388 3
7609 3773 3
2233 1990 4
3370 4668 4
585 7954 2
3018 2315 4
6106 3371 3
7902 1448 1
1194 7001 1
3246 5117 1
5226 4438 2
3668 4034 2
7552 6532 4
5539 6024 2
4694 4453 2
2382 1129 3
1948 5225 2
7461 4978 3
4880 3200 1
2026 4266 1
198 7997 2
3103 6083 4
1460 1249 3
3936 6973 1
6889 7674 2
3838 4684 4
8129 1133 2
5732 417 4
534 7075 2
4597 517 1
7057 3503 3
4112 1786 1
7026 6 3
5646 5346 4
1574 3302 1
5772 2599 3
3114 751 1
4729 2401 3
1232 5605 2
7643 1170 2
1680 5688 4
7949 3244 1
7737 7608 2
2614 2880 2
374 629 3
7337 7280 1
6560 7012 2
2066 6085 1
5801 5607 1
6419 8164 4
8161 5056 3
808 2906 4
4281 7232 4
4866 5502 4
5746 885 4
4519 3005 1
4198 6962 4
3523 5472 4
3630 2872 4
1672 8108 4
5054 5199 3
5680 7534 3
3950 5548 1
5058 8158 4
4276 4199 2
5525 1637 4
3531 5855 3
7075 7986 1
5123 3028 4
1081 2827 1
5081 3120 2
497 3714 4
7072 7829 3
7553 5111 1
5200 3014 4
7034 3217 3
3600 5019 3
4226 3317 3
5392 3810 2
4171 1686 1
32 7351 3
6346 3051 1
7936 2568 1
7945 3264 4
3518 6695 3
5973 741 1
860 4683 3
6954 4729 2
3035 7165 1
2243 7901 2
1895 7581 3
32 4109 3
3415 1694 1
6287 1733 4
3634 6282 2
2250 374 4
4649 7936 2
457 4159 2
2686 721 1
6770 797 2
6541 3819 4
7295 6079 3
6250 3546 2
3645 6169 2
3278 5158 4
1090 4343 1
5059 4485 1
7175 8011 2
6854 961 1
3620 6267 1
350 3849 4
170 1838 4
8131 869 1
4343 7193 2
2358 3540 4
5349 1594 2
3827 4347 2
1694 5627 3
3390 5684 3
1874 1120 4
6068 2677 3
4894 5214 3
7661 3603 1
6092 7987 2
4039 784 3
6695 4200 1
7799 1950 3
3186 6885 1
565 6698 3
11 4605 2
5781 4661 2
2675 7678 1
3559 7932 2
1385 2966 1
8174 3525 3
4504 5774 1
6627 7491 4
164 6136 3
2213 750 4
4656 2389 4
7315 3322 4
4051 7129 2
2378 7520 3
8079 5529 2
5160 312 4
4041 5645 1
7628 6250 2
6656 2 1
3573 1256 1
6810 7789 2
6181 4580 4
4089 5498 2
6607 7336 3
2948 654 2
2947 4758 2
2993 890 4
2746 2499 3
2402 4215 2
7240 4044 2
7060 3629 1
3716 6356 4
4396 5915 4
3556 2866 2
7282 7976 2
1156 2308 2
6043 175 3
1555 6688 3
1847 4654 3
930 4596 3
6383 1456 4
7237 3243 1
6508 3944 3
4760 1452 4
2170 4739 1
1294 900 1
6631 4323 3
2761 2203 4
544 5586 1
734 1063 1
4717 7743 2
53 1921 1
4710 7409 3
1997 6957 2
1331 285 1
7975 4185 1
1018 4617 3
6617 7414 2
6567 7317 4
2099 3030 1
7749 2713 2
7785 622 4
6341 4629 2
836 1556 3
3991 4259 3
8025 1567 1
6268 3082 3
4862 4055 1
7187 6394 1
5753 155 4
3468 2083 1
1094 3918 3
2892 4463 1
1336 3082 2
5154 5375 3
125 154 2
651 6609 3
2295 3598 4
6087 1670 1
2970 3625 1
2219 4512 4
574 2835 2
2574 4307 1
773 5175 1
165 4213 2
7808 6986 1
897 7712 4
2437 3032 2
1875 7009 2
6346 5503 4
3701 7843 3
1368 3784 3
379 1485 1
530 7593 2
1140 1854 1
1207 7580 4
5360 1466 3
1368 7753 4
3802 7423 2
2085 5198 4
3136 6220 2
4839 5301 2
5983 3741 4
3613 6362 3
2802 2663 4
3296 3378 2
5234 5878 1
7240 5289 1
1075 7132 2
441 4609 3
1757 1592 1
4762 3015 2
4941 6419 2
7641 2502 2
7148 815 4
364 6765 2
1531 5826 4
4562 3816 2
5041 4663 2
6803 5757 4
5119 7984 3
5004 6065 3
3177 3233 3
6156 905 3
3771 891 2
3670 692 1
4045 797 3
8170 4567 3
584 7590 1
6208 533 1
8110 5016 3
1391 271 2
3107 3499 3
779 1819 4
838 3332 2
5095 2481 1
1449 6618 3
7945 3096 3
7382 3899 4
7694 771 3
3147 2694 3
2734 922 2
873 1795 4
1003 3585 4
97 1281 1
7912 6554 3
3575 5791 2
1379 419 4
5938 3811 4
1120 5787 2
183 1103 1
6006 2727 2
6564 196 1
398 5488 3
1006 7997 1
6862 4469 2
446 72 4
531 4913 1
4436 3746 2
5339 3353 2
5188 6636 1
313 2108 1
2747 2158 1
6664 7408 2
3450 1631 2
4335 3850 3
3531 620 4
2162 7945 1
6820 2979 4
6769 1668 4
1946 4 4
472 5307 1
1824 7153 2
7589 5684 1
1404 1995 2
1150 5710 2
222 6570 1
2067 3473 2
4736 3484 2
1508 7638 1
4333 6267 2
5289 4378 1
5412 3581 2
3807 781 3
4298 6114 4
4413 4712 2
5660 2053 2
6726 6126 2
7516 4596 1
632 5425 4
6407 7965 3
559 4972 1
4701 607 3
2163 727 1
4650 1757 4
6514 4780 1
3368 792 4
4021 6669 2
3007 4835 2
1602 42 1
1842 7527 1
4600 1659 1
1311 6464 4
3477 5700 1
1122 287 1
3710 7383 4
6657 5635 3
7233 3973 3
212 6462 2
339 6490 3
5751 3552 3
7743 621 3
5325 1574 1
5018 4694 2
3047 4308 4
152 8048 3
2531 7776 4
2524 7982 4
2093 6404 2
2191 3092 1
5222 6060 1
1799 1114 3
4435 4011 3
3139 833 3
4256 3831 1
6847 6788 3
1878 7738 3
8007 2732 2
2761 2269 3
5804 3482 1
4008 1300 4
3152 7388 4
3418 7309 3
1008 6892 4
4126 5316 3
1913 7411 3
635 5806 4
848 4121 2
1345 2440 4
7471 3037 3
7498 7188 1
2621 1076 1
547 6108 3
3103 5272 1
3726 6259 3
4584 3375 3
804 6952 2
3673 5866 2
2684 3008 1
7303 6466 1
3476 3989 4
6048 587 3
6127 7734 4
5191 3253 1
6328 1382 3
6483 1141 2
5637 636 1
7890 1062 4
469 1003 2
4239 6977 4
4374 1897 1
6737 3352 3
6104 3703 1
3156 4124 1
6685 5025 3
687 3288 2
2256 2490 2
5161 1029 1
3194 5375 1
20 6826 1
5797 5245 4
6754 7518 1
7288 3457 2
4716 4495 3
2708 7082 4
1550 5047 1
2165 1697 3
5546 2576 3
1274 6898 1
7346 3787 1
4550 7302 3
7317 3960 4
5004 4861 4
2832 5767 1
7245 6038 2
7064 7537 2
6126 4365 1
7474 1644 2
3324 5892 1
3819 4041 2
485 7854 4
6694 8018 1
4947 7998 2
8018 1706 3
4510 7469 1
6952 2388 2
5188 1570 3
64 1154 4
7719 4456 1
1196 6631 3
5529 6175 3
7861 1188 1
705 6133 3
3620 4769 1
4075 5741 4
5844 3081 1
2389 296 1
6621 173 1
5705 4069 2
7084 3340 1
5092 3577 4
2779 6512 4
4923 3225 4
835 697 4
5777 6758 2
839 3733 1
5301 1051 2
6699 3575 1
3024 191 3
6059 329 1
4706 7031 2
2388 4771 1
6071 4858 1
967 4455 1
2613 5280 3
1614 3189 2
2815 1727 1
1905 3621 3
5838 875 2
4921 3135 1
7141 2663 1
5129 1089 2
6266 1370 4
6311 4905 2
7297 7926 2
5945 6914 4
1935 2266 4
4233 2359 2
7302 6399 4
706 7143 4
2081 6632 4
5588 7908 1
1527 509 2
168 4047 4
4940 3769 2
3421 5078 3
6379 5325 4
516 6364 4
7447 728 3
2144 1705 2
8012 6099 3
7955 5096 4
1068 2512 2
5690 1295 2
7294 1214 3
1467 5498 4
4813 5967 3
784 3833 2
206 3125 3
4774 7780 3
6046 7919 3
6177 2268 3
2354 5687 1
6908 7394 1
2938 6600 2
3583 2551 2
4882 1843 2
7273 2554 1
7532 438 3
6712 5814 4
2940 6959 1
5024 5130 2
540 354 3
7879 7326 1
423 5419 2
5154 5358 1
799 1520 2
3074 6216 2
879 2921 1
113 2498 2
6241 6372 2
8193 2411 3
2667 7192 1
3302 1389 1
888 3382 3
7731 1701 3
1900 5751 1
6120 1057 1
2044 3644 1
7108 1976 4
1859 3508 2
3944 3580 3
6118 2154 2
2944 2486 2
1934 738 1
6898 6156 3
5789 6325 2
8112 2886 1
485 3004 2
8104 6763 3
1830 7563 3
3524 6437 3
7697 3781 3
7916 4122 2
4219 6116 3
6856 1782 4
4941 1704 3
6869 4163 2
7120 1573 1
4724 5087 4
2198 3123 3
7379 5637 2
1990 2768 3
1642 3369 1
2344 3040 2
345 8111 1
5785 1344 1
3300 2847 4
3607 6923 2
3553 4137 2
6065 1277 2
1966 2973 3
408 7284 3
6976 569 4
5226 6909 1
7089 7073 2
651 1311 4
7493 3980 2
1581 5690 2
3185 509 1
4479 814 1
6326 7697 1
4873 4985 2
4676 5939 4
2150 4378 4
7449 4529 1
6734 1327 2
3027 2842 3
3610 3865 4
7452 4494 3
2029 7605 3
119 7098 2
1654 2387 3
7219 4182 2
7601 1962 3
6368 7372 1
5413 5749 3
829 4487 4
125 5072 2
4316 87 1
7217 447 2
2327 4424 3
351 7389 1
1159 521 2
7741 6003 1
2253 6771 1
6507 4813 3
3874 4195 2
4254 1555 1
7503 6975 2
216 5949 1
2676 3848 3
560 1776 2
2320 1134 3
3272 7557 4
3271 6119 4
3892 855 2
5614 1089 4
3260 337 3
6487 3604 2
772 7151 1
5777 1167 1
2900 7200 3
5564 1308 2
1176 2514 3
6538 1659 1
5231 6970 2
5387 6088 4
7376 7228 4
5297 3176 1
3880 3335 4
1390 4148 1
5863 1169 3
4955 4837 2
6982 3104 1
6945 1665 2
2969 7326 3
4756 7027 2
2815 2265 2
3670 2407 4
3705 367 2
5281 5138 1
6092 240 3
3710 3792 3
3813 4635 2
7236 2311 4
199 111 1
477 6427 4
3420 2141 3
6913 2008 1
6785 5595 2
3726 6601 2
1955 6602 1
2537 3674 2
58 717 1
693 2134 2
7450 5942 3
1551 6379 1
990 3276 1
2644 5186 4
7146 2199 1
5356 7549 1
5396 4152 4
4236 4582 1
4660 1308 4
2917 6340 4
3492 5464 2
7531 5517 3
3548 5586 4
3904 5699 2
18 745 1
905 3034 2
1903 4589 4
3021 602 1
175 6314 4
4128 5604 3
6620 3545 3
44 1857 4
2937 4566 1
778 3910 4
8154 4451 4
7188 3143 2
6706 4394 2
738 1342 1
636 2702 1
3366 3783 2
6412 119 2
2274 6966 1
251 1755 4
8120 5372 2
8055 6615 2
2206 5896 3
100 1268 4
7504 3763 2
6971 4240 3
3660 2100 4
4909 5530 2
5444 1575 4
6440 7522 4
98 6854 1
3718 5175 1
850 1260 2
6369 5035 4
935 2843 3
7030 3666 2
855 172 2
6243 245 2
4101 7506 3
166 5577 4
5701 241 2
2864 3997 1
7816 5968 3
3030 4364 3
2357 2853 1
1352 7760 3
1508 2245 3
2126 7596 2
4348 5024 3
1330 2738 4
7844 2997 4
6111 4930 2
4605 7679 4
968 1854 1
2307 462 1
2687 4739 4
205 6422 3
4023 2333 2
2057 7938 1
2042 14 4
483 501 4
5918 3265 2
3641 2691 4
5241 5566 3
7637 6306 3
4266 957 1
4316 5935 1
3337 6599 2
3736 4460 3
8039 272 3
6126 4673 1
5485 3344 2
3121 7706 1
5329 7045 2
5701 8116 1
4197 5226 1
1481 1509 3
7428 973 2
6643 1412 1
254 3986 1
3803 317 1
6085 2013 3
5497 423 3
6256 307 4
3804 3846 4
1279 7322 3
3921 2090 1
2260 1741 3
3738 5013 3
5649 1053 4
5448 1490 2
4833 5030 4
3638 7639 1
3217 6830 3
1823 3772 1
3153 879 4
3922 3844 1
8004 1240 1
6604 6963 1
2134 2941 2
3048 3482 4
6411 2266 2
7015 468 3
2188 3931 1
6439 3110 1
5340 7222 2
7096 993 4
2059 4802 2
1064 1570 2
2435 2996 3
2959 1049 2
1896 2739 4
4304 4986 2
5806 8007 3
4137 7440 2
407 6550 3
7975 4124 3
7356 6771 3
1172 1207 2
4516 6279 3
4122 7616 3
1202 817 3
1071 1360 1
6459 4861 3
2398 8088 3
4103 497 1
36 819 1
4597 6231 3
2203 1674 1
4140 6253 4
4920 7862 2
7860 2625 2
1848 1568 2
5840 5899 1
7530 5516 1
1509 688 3
6320 728 3
2408 3981 3
7546 1250 4
6109 7915 4
7257 2223 3
7644 2736 4
3808 4998 3
1854 5698 4
1043 3178 4
4209 6905 1
3061 753 4
5314 5342 4
4384 2215 4
5117 5209 3
2478 2772 2
341 7336 4
438 2228 2
5679 4575 2
1263 4443 4
6273 465 4
2009 2558 3
4810 733 4
6816 2065 3
4061 1855 4
1932 786 4
7497 2412 3
2002 7073 3
3752 7972 3
2209 2014 2
3726 6330 1
6736 5854 1
4201 142 4
6342 426 1
4565 7048 2
1145 5981 3
2888 2682 2
3333 6281 3
134 2369 2
4984 4862 4
4934 7124 3
5503 4216 3
5461 7594 1
4209 7033 4
906 2629 1
4691 7945 2
3288 5978 2
2422 3905 3
7422 7644 2
2374 2142 1
4696 6675 1
7100 5035 2
1235 5800 2
3219 6408 4
1182 6137 4
1473 5143 4
5973 7960 4
7739 2081 2
4006 2023 4
2102 4263 2
5924 6661 2
3557 3576 3
5270 2604 2
3513 2420 4
6871 4991 1
3722 7439 3
996 4489 4
4375 5369 4
5206 2473 4
8160 4382 1
824 5378 4
4227 3272 1
4969 3824 3
670 5349 2
1404 7992 1
642 112 4
3929 353 2
5017 1513 2
6246 2147 4
3250 8133 1
2274 2730 2
1334 2245 2
1081 6782 1
197 2945 4
4736 1059 1
6475 6714 1
5270 952 1
1956 7155 2
4150 1328 1
6842 5200 3
4613 298 2
5521 8046 3
2837 6967 2
667 8171 3
1804 6005 1
1362 5547 3
3787 5760 1
2424 6524 4
862 7184 4
2057 5383 1
4138 6487 4
6215 6144 4
7588 3321 3
5116 7703 1
838 5749 1
4761 3861 2
5071 4887 4
2862 7064 2
4530 1406 2
6263 4413 3
6100 7101 4
3894 7889 3
2545 7755 1
1236 7917 3
8105 2324 1
6332 638 4
1458 5404 1
2295 6109 1
4547 3862 2
5187 7648 1
3750 2633 2
3145 2014 3
263 6414 3
7863 8091 1
1394 6038 2
3359 775 4
4955 2155 1
1351 1143 1
5256 444 2
5857 2606 4
3910 3757 2
509 4371 3
2086 2558 4
5127 4237 4
438 4895 3
1635 6921 4
6173 4046 3
3364 6331 2
6154 7946 1
4521 1031 4
2531 4305 3
3194 2547 3
5569 6860 1
8118 2437 2
378 5905 1
4866 5289 2
5979 3174 1
7480 2809 1
5110 1317 3
777 4643 4
4882 8181 2
946 6552 1
5446 6378 2
1289 4123 4
2158 874 3
4227 4688 3
1046 780 2
4715 4979 3
1902 4263 2
2585 2017 3
5535 588 1
7066 3039 2
6670 35 1
5013 5286 3
2748 6361 1
3090 8153 3
1260 4116 3
7384 2749 4
7479 5318 1
4458 7968 1
3820 2378 1
6445 2156 2
4028 7913 2
4103 4423 3
1464 5141 3
7219 5988 1
6662 5250 1
1419 5532 2
2712 7445 3
1719 4124 1
2141 2818 4
1563 1785 4
4735 6352 1
6695 6533 3
1262 6273 4
2675 6335 3
3632 7607 4
2158 2970 3
6981 1597 3
5221 540 1
4068 5522 2
1035 6834 3
2726 1823 4
702 2057 1
8098 7477 2
4409 2501 2
4464 7531 4
7427 229 1
2898 1526 4
2912 5974 3
4535 7427 2
3858 4329 3
7015 4008 2
1506 4733 2
437 3448 2
5265 836 4
924 4886 2
6653 4877 2
4750 4676 2
2747 3928 1
881 3991 4
5953 7953 4
6880 5511 1
6908 4649 2
4874 2804 3
892 6315 3
5106 4929 4
7672 2075 3
2522 1381 2
2417 3629 1
2723 7118 4
2242 3512 2
4728 4729 2
855 5078 2
1189 2337 4
1284 3442 1
3980 3488 4
4775 4406 2
6385 1568 3
5489 1890 1
3777 2472 3
6456 5997 3
4154 5690 2
6630 4898 3
6079 2019 2
1179 2005 3
7105 2401 2
4621 1667 4
3195 4399 4
4308 1732 1
1343 7039 2
7252 4005 2
254 8003 3
4470 4612 4
7575 3378 4
5872 1394 2
3428 1096 4
5968 3814 1
7689 4179 1
6510 6737 1
3767 8025 2
8009 2186 1
4873 823 4
3831 7822 3
2971 7062 4
5868 3762 2
7924 1435 4
1190 145 4
6955 6553 4
2092 5668 1
3941 5937 4
3108 4921 4
7506 4337 4
1249 451 4
4051 7989 3
6563 2717 3
2748 5183 4
2757 581 3
5349 5045 1
5006 1332 4
7122 4032 2
615 3078 4
2373 5660 1
611 1830 3
1319 7888 4
5364 7422 3
1336 4743 2
249 3926 1
4251 7096 4
4743 601 4
7347 5057 3
6365 2827 1
8079 3858 1
6863 1245 3
8022 1477 1
7067 946 4
1941 2276 4
3087 2516 3
2840 6574 1
7794 2042 1
6220 683 4
5217 6034 3
382 305 4
516 4961 3
6197 6212 4
6967 5489 4
7677 1332 4
7112 2349 2
5275 122 1
7150 3521 4
3468 4619 4
1102 4164 1
6444 2468 4
557 1108 2
7441 5967 1
7513 1583 2
4338 1299 3
468 4601 1
1897 5727 4
154 7075 3
2765 767 1
7562 8033 1
3059 1575 1
1839 2648 3
371 3978 3
4876 3508 2
7221 2065 3
6834 6401 2
754 3356 2
2154 7525 2
3294 1498 1
4585 1108 1
2418 1872 4
630 6597 1
1474 5216 4
3078 2264 1
4971 6612 1
7869 6931 2
2135 7415 4
88 4694 3
803 7607 3
2952 3617 1
200 7502 3
7653 7986 4
1383 3219 4
3814 1514 4
6907 5091 4
5082 108 3
5679 3008 4
4928 2709 4
4766 5478 2
4552 3900 1
4178 2424 4
2311 1300 4
5539 6099 4
944 6061 3
4460 2268 1
5842 1601 2
6035 6736 3
6415 6698 4
3773 3234 3
7219 8029 3
7654 3072 1
3175 3182 1
4708 4949 1
7504 5454 4
1605 260 3
5818 5550 4
2002 7379 1
1013 1228 2
7449 5825 1
663 4595 4
3393 5125 1
6515 7241 3
5337 3160 3
3399 6962 2
1998 2415 1
440 243 2
3740 6958 1
3319 938 3
3876 6096 3
1563 7452 3
6551 5068 3
3625 1301 2
6938 4490 4
3699 8198 4
5548 1608 4
5315 1984 4
2642 7936 4
6613 6341 1
5058 2054 3
7101 7991 2
718 3300 1
3357 137 2
4346 4558 3
6751 2505 3
1038 1820 4
855 6659 3
1634 3214 2
6865 3453 2
3513 971 2
5884 2925 1
2025 4146 1
7894 3059 3
4610 7403 1
7591 3273 1
3895 2041 1
8145 1759 4
6045 4557 3
1062 2481 3
7587 2355 2
475 6303 1
485 6455 3
3841 130 3
2736 1577 2
986 5734 2
4869 6119 2
1064 2377 2
5103 3966 4
1936 6329 2
3956 2794 1
5132 5595 2
1823 5183 4
1633 837 2
834 5425 4
1653 5102 2
4206 125 2
458 7466 1
2602 3502 2
6160 1953 4
6098 85 4
6054 287 3
5562 6801 2
1929 5824 3
6799 6686 3
4874 2921 2
620 3949 3
3755 6479 3
8008 720 4
6668 3299 3
710 5797 2
6424 5689 1
1885 7790 4
4085 4908 2
2600 3743 2
7934 6502 3
4924 1815 3
4577 2971 1
548 3077 3
275 4468 4